modelFile: ../../Samples/Object2/110418_ELPA_lowhrp.wrl

EnvCluster:
  -
    id: [ 572 ]
    area: [ 0.00920475 ]
    outer_normal: [ 0.19959, 0.68995, 0.695797 ]
    tangent_vector: [ -0.95553, -0.0202728, 0.294198 ]
    convexhull: [ -0.0685738, -0.00230362, -0.883948, -0.0665549, -0.0077441, -0.878373, -0.0635576, -0.010495, -0.875544, -0.0586763, -0.0135021, -0.873684, -0.0532629, -0.015723, -0.874073, -0.0493387, -0.0162799, -0.875029, 0.0419004, -0.0137423, -0.902634, 0.0788821, -0.0125342, -0.913884, 0.0833622, -0.0128113, -0.915725, 0.086386, -0.0103966, -0.918517, 0.0868704, -0.00833582, -0.921621, 0.0799, 0.014709, -0.941828, 0.0771928, 0.023105, -0.949566, 0.073908, 0.0260928, -0.951428, -0.061139, 0.023728, -0.910249, -0.065068, 0.0235045, -0.908908, -0.0710249, 0.0195853, -0.903044, -0.073238, 0.0158437, -0.900889, -0.0732267, 0.0135194, -0.897938 ]
    convexity: [ 0 ]
    bounding_box_edge: [ 0.159502, 0.0545872, 0.00240649 ]
    bounding_box_center: [ 0.00616922, 0.00547147, -0.909092 ]
    is_putting_cluster: [ 1 ]
  -
    id: [ 216 ]
    area: [ 0.0079849 ]
    outer_normal: [ -0.193818, -0.692743, -0.694652 ]
    tangent_vector: [ -0.957881, -0.019306, 0.286515 ]
    convexhull: [ 0.0805654, -0.0200734, -0.935318, 0.0807108, -0.0241598, -0.929927, 0.0766806, -0.0248119, -0.927337, -0.0538065, -0.0279411, -0.888203, -0.0596663, -0.0270403, -0.887787, -0.0645009, -0.0238741, -0.88611, -0.0685625, -0.0212227, -0.890597, -0.0756342, 0.000442487, -0.909849, -0.0759711, 0.0055278, -0.913087, -0.0744689, 0.00780407, -0.916284, -0.0699612, 0.0110789, -0.920539, -0.0663568, 0.0116588, -0.922665, 0.0664575, 0.011712, -0.96299, 0.0694942, 0.00971184, -0.962399 ]
    convexity: [ 0 ]
    bounding_box_edge: [ 0.156522, 0.0539467, 0.00400253 ]
    bounding_box_center: [ 0.00276341, -0.0102786, -0.92699 ]
    is_putting_cluster: [ 1 ]
