modelFile: ../../Samples/Object/box6Hrp.wrl

EnvCluster:
  -
    id: [ 10 ]
    area: [ 0.063176 ]
    outer_normal: [ 0, 0, 1 ]
    tangent_vector: [ -1.17384e-16, 1, 0 ]
    convexhull: [ 0.106, -0.149, 0.005, 0.106, 0.149, 0.005, -0.106, 0.149, 0.005, -0.106, -0.149, 0.005 ]
    boundary: [ 0.106, 0.149, 0.005, -0.106, 0.149, 0.005, -0.106, -0.149, 0.005, 0.106, -0.149, 0.005 ]
    convexity: [ 1 ]
    bounding_box_edge: [ 0.298, 0.212, 0 ]
    bounding_box_center: [ 0, 0, 0.005 ]
    is_putting_cluster: [ 1 ]
  -
    id: [ 2 ]
    area: [ 0.01819 ]
    outer_normal: [ 0, 1, 0 ]
    tangent_vector: [ 1, 0, 0 ]
    convexhull: [ 0.107, 0.15, 0.085, 0.107, 0.15, 0, -0.107, 0.15, 0 ]
    boundary: [ 0.107, 0.15, 0.085, 0.107, 0.15, 0, -0.107, 0.15, 0 ]
    convexity: [ 0 ]
    bounding_box_edge: [ 0.214, 0.085, 0 ]
    bounding_box_center: [ 0, 0.15, 0.0425 ]
    is_putting_cluster: [ 1 ]
  -
    id: [ 6 ]
    area: [ 0.01819 ]
    outer_normal: [ 0, -1, 0 ]
    tangent_vector: [ 1, 0, 0 ]
    convexhull: [ -0.107, -0.15, 0, 0.107, -0.15, 0, -0.107, -0.15, 0.085 ]
    boundary: [ -0.107, -0.15, 0.085, -0.107, -0.15, 0, 0.107, -0.15, 0 ]
    convexity: [ 0 ]
    bounding_box_edge: [ 0.214, 0.085, 0 ]
    bounding_box_center: [ 0, -0.15, 0.0425 ]
    is_putting_cluster: [ 1 ]
