modelFile: ../../Samples/Object/doghrp.wrl

Cluster:
-
    id: [ 519 ]
    pair: [ 1415 ]
    area: [ 0.00138401 ]
    intention: [ 0 ]
    outer_normal: [ 0.991858, -0.117591, -0.0488826 ]
    tangent_vector: [ -0.0487435, -0.705184, 0.707347 ]
    approach_vector: [ 0.0487435, 0.705184, -0.707347, 0.117657, 0.993053, -0.0015368, 0.117649, 0.699206, 0.705173, 0.0487239, -0.00422579, 0.998803, -0.0487432, -0.705182, 0.707349, -0.117657, -0.993053, 0.00153945, -0.117649, -0.699208, -0.705172, -0.0487242, 0.00422315, -0.998803 ]
    control_points: [ 0.0456278, 0.0639568, 0.127143, 0.0479808, 0.0779409, 0.141246, 0.0446529, 0.0498531, 0.14129, 0.0466027, 0.0780605, 0.112996 ]
    bounding_box_edge: [ 0.0957498, 0.0585074, 0.00500006 ]
    bounding_box_center: [ 0.059881, 0.0659751, 0.127511 ]
-
    id: [ 1415 ]
    pair: [ 519 ]
    area: [ 0.00112853 ]
    intention: [ 0 ]
    outer_normal: [ -0.995543, -0.0905091, -0.0264899 ]
    tangent_vector: [ 0.021181, 0.059121, -0.998026 ]
    approach_vector: [ 0.0487435, 0.705184, -0.707347, 0.117657, 0.993053, -0.0015368, 0.117649, 0.699206, 0.705173, 0.0487239, -0.00422579, 0.998803, -0.0487432, -0.705182, 0.707349, -0.117657, -0.993053, 0.00153945, -0.117649, -0.699208, -0.705172, -0.0487242, 0.00422315, -0.998803 ]
    control_points: [ 0.00723588, 0.0685084, 0.129035, 0.00554031, 0.0829725, 0.143338, 0.0081647, 0.0541791, 0.143088 ]
    bounding_box_edge: [ 0.0610019, 0.0566775, 0.00532489 ]
    bounding_box_center: [ 0.0119213, 0.0607271, 0.123922 ]

EnvCluster:
  -
    id: [ 2506 ]
    area: [ 0.000451269 ]
    outer_normal: [ 0.00552524, -0.999901, 0.0129206 ]
    tangent_vector: [ -0.0175916, 0.0128216, 0.999763 ]
    convexhull: [ 0.040284, 0.0063046, 0.157131, 0.0439272, 0.0063046, 0.154008, 0.0443848, 0.0063046, 0.152461, 0.0459778, 0.0052372, 0.0693008, 0.0450008, 0.0051186, 0.066702, 0.04224, 0.0064232, 0.063648, 0.0095198, 0.0051186, 0.0650688, 0.0072882, 0.0051186, 0.0671092, 0.0063676, 0.0052372, 0.0697284, 0.0097558, 0.0063046, 0.152835, 0.0102468, 0.0063046, 0.154372, 0.0139564, 0.0063046, 0.157415, 0.017161, 0.0082022, 0.157618, 0.0187028, 0.0082022, 0.157601 ]
    convexity: [ 3 ]
    bounding_box_edge: [ 0.0944117, 0.039596, 0.00380804 ]
    bounding_box_center: [ 0.0257875, 0.00769764, 0.113698 ]
    is_putting_cluster: [ 1 ]
