modelFile: ../../../hrgPlugin/Samples/ExaustPipe/pipe-3hrp.wrl

Cluster:
-
    id: [ 3601 ]
    pair: [ 253 ]
    area: [ 0.00097627 ]
    intention: [ 0 ]
    outer_normal: [ 0.202171, 0.978474, -0.041413 ]
    tangent_vector: [ -0.959239, 0.206368, 0.193062 ]
    approach_vector: [ 0.959239, -0.206368, -0.193062, 0.817905, -0.145434, 0.556669, 0.197454, 0.00069313, 0.980312, -0.538663, 0.146414, 0.829702, -0.959238, 0.206368, 0.193065, -0.817906, 0.145434, -0.556667, -0.197456, -0.000692583, -0.980311, 0.538661, -0.146414, -0.829703 ]
    control_points: [ 0.0995906, 0.00474179, 0.00802352, 0.118775, 0.000614434, 0.00416228, 0.0804058, 0.00886915, 0.0118848 ]
    bounding_box_edge: [ 0.0539683, 0.0189539, 0.00333969 ]
    bounding_box_center: [ 0.098421, 0.00496946, 0.00635368 ]
-
    id: [ 253 ]
    pair: [ 3601 ]
    area: [ 0.000900561 ]
    intention: [ 0 ]
    outer_normal: [ -0.179736, -0.98186, 0.0603872 ]
    tangent_vector: [ -0.960614, 0.188409, 0.204263 ]
    approach_vector: [ 0, 0, 0, 0.817905, -0.145434, 0.556669, 0.197454, 0.00069313, 0.980312, -0.538663, 0.146414, 0.829702, -0.959238, 0.206368, 0.193065, -0.817906, 0.145434, -0.556667, -0.197456, -0.000692583, -0.980311, 0.538661, -0.146414, -0.829703 ]
    control_points: [ 0.0912983, -0.0353915, 0.00972213, 0.0720385, -0.0316274, 0.0135987 ]
    bounding_box_edge: [ 0.0468725, 0.0295197, 0.00500329 ]
    bounding_box_center: [ 0.0883945, -0.0353174, 0.010374 ]
-
    id: [ 7138 ]
    pair: [ 3044 ]
    area: [ 0.000895063 ]
    intention: [ 0 ]
    outer_normal: [ -0.942502, 0.318377, 0.101617 ]
    tangent_vector: [ -0.327356, -0.94071, -0.0888927 ]
    approach_vector: [ 0, 0, 0, 0, 0, 0, -0.0853767, 0.102191, -0.991094, -0.279726, -0.598083, -0.751032, -0.310216, -0.948009, -0.0710266, -0.158986, -0.742605, 0.650586, 0.0853758, -0.102193, 0.991094, 0, 0, 0 ]
    control_points: [ 0.114567, -0.0726902, -0.00412075 ]
    bounding_box_edge: [ 0.0531508, 0.0418683, 0.00500294 ]
    bounding_box_center: [ 0.108569, -0.0699764, -0.00404015 ]
-
    id: [ 3044 ]
    pair: [ 7138 ]
    area: [ 0.000746175 ]
    intention: [ 0 ]
    outer_normal: [ 0.946825, -0.301389, -0.112639 ]
    tangent_vector: [ -0.310216, -0.948009, -0.0710239 ]
    approach_vector: [ 0.310216, 0.948009, 0.0710239, 0.158985, 0.742603, -0.650588, -0.0853767, 0.102191, -0.991094, -0.279726, -0.598083, -0.751032, -0.310216, -0.948009, -0.0710266, -0.158986, -0.742605, 0.650586, 0.0853758, -0.102193, 0.991094, 0.279726, 0.598081, 0.751034 ]
    control_points: [ 0.153501, -0.0850836, -0.00875256, 0.147296, -0.104044, -0.010173, 0.159705, -0.0661234, -0.00733209 ]
    bounding_box_edge: [ 0.0500664, 0.0163955, 0.00376289 ]
    bounding_box_center: [ 0.152425, -0.0846492, -0.0101996 ]
