modelFile: ../../../hrgPlugin/Samples/ExaustPipe/plate-lowhrp.wrl

Cluster:
-
    id: [ 277 ]
    pair: [ 17624 ]
    area: [ 0.000853246 ]
    intention: [ 0 ]
    outer_normal: [ -0.491896, -0.171409, -0.853614 ]
    tangent_vector: [ -0.868345, 0.16795, 0.466659 ]
    approach_vector: [ 0, 0, 0,  0, 0, 0,  -0.0533948, -0.959637, 0.276127,  0, 0, 0,  0, 0, 0,  0, 0, 0,  0, 0, 0, 0, 0, 0 ]
    control_points: [ 0.0138362, 0.00546087, 0.0224166, 0.0311888, 0.0018281, 0.0131467, -0.00351631, 0.00909363, 0.0316866 ]
    bounding_box_edge: [ 0.0618106, 0.0201779, 0.00500071 ]
    bounding_box_center: [ 0.0149465, 0.0056557, 0.0205137 ]
-
    id: [ 17624 ]
    pair: [ 277 ]
    area: [ 0.000765268 ]
    intention: [ 0 ]
    outer_normal: [ 0.515836, 0.210263, 0.830484 ]
    tangent_vector: [ 0.855022, -0.186776, -0.483789 ]
    approach_vector: [ -0.855022, 0.186776, 0.483789, -0.642346, -0.546495, 0.537341, -0.0533925, -0.959637, 0.276126, 0.566837, -0.810638, -0.146839, 0, 0, 0, 0.642347, 0.546493, -0.537341, 0.0533948, 0.959637, -0.276127, -0.566836, 0.810639, 0.146838 ]
    control_points: [ 0.0145279, 0.00574281, 0.0235302, -0.00257253, 0.00947833, 0.033206, 0.0316284, 0.00200729, 0.0138544 ]
    bounding_box_edge: [ 0.0517404, 0.0230155, 0.00500104 ]
    bounding_box_center: [ 0.0143214, 0.00768471, 0.0226638 ]
