modelFile: ../../../hrgPlugin/Samples/ExaustPipe/plate-uphrp.wrl

Cluster:
-
    id: [ 2682 ]
    pair: [ 2274 ]
    area: [ 0.000590245 ]
    intention: [ 0 ]
    outer_normal: [ -0.244111, -0.3682, -0.897128 ]
    tangent_vector: [ -0.958069, -0.0515663, 0.281858 ]
    approach_vector: [ 0,0,0, 0,0,0, 0.174475, -0.871918, 0.457511, 0,0,0, 0,0,0, 0,0,0, 0, 0, 0, 0,0,0 ]
    control_points: [ 0.0470316, 0.0209879, -0.0170537, 0.0278487, 0.020083, -0.0114626, 0.0662145, 0.0218927, -0.0226448 ]
    bounding_box_edge: [ 0.0740347, 0.00987994, 0.00454809 ]
    bounding_box_center: [ 0.0452859, 0.0214511, -0.0179834 ]
-
    id: [ 2274 ]
    pair: [ 2682 ]
    area: [ 0.000569251 ]
    intention: [ 0 ]
    outer_normal: [ 0.210993, 0.486951, 0.847561 ]
    tangent_vector: [ -0.96179, -0.0513477, 0.26893 ]
    approach_vector: [ 0,0,0, 0,0,0, 0.174475, -0.871918, 0.457511, 0,0,0, 0,0,0, 0,0,0, 0, 0, 0, 0,0,0 ]
    control_points: [ 0.0473687, 0.0217657, -0.0156998, 0.0666045, 0.0227927, -0.0210784, 0.0281329, 0.0207388, -0.0103212 ]
    bounding_box_edge: [ 0.0735291, 0.0100066, 0.00464143 ]
    bounding_box_center: [ 0.0492668, 0.0220537, -0.0170812 ]
