modelFile: ../../Samples/Object/W4Hrp.wrl

EnvCluster:
  -
    id: [ 0 ]
    area: [ 0.002279 ]
    outer_normal: [ 0, 0, 1 ]
    tangent_vector: [ 1, 0, 0 ]
    convexhull: [ -0.0135, 0.0185, -0.0335,  -0.0135, 0.0615, -0.0335,  -0.0665, 0.0615, -0.0335,  -0.0665, 0.0185, -0.0335 ]
    boundary: [ -0.0135, 0.0185, -0.0335,  -0.0135, 0.0615, -0.0335,  -0.0665, 0.0615, -0.0335,  -0.0665, 0.0185, -0.0335 ]
    convexity: [ 1 ]
    bounding_box_edge: [ 0.053, 0.043, 1.0e-5 ]
    bounding_box_center: [ -0.04,   0.04,  -0.0335 ]
  -
    id: [ 1 ]
    area: [ 0.002279 ]
    outer_normal: [ 0, 0, 1 ]
    tangent_vector: [ 1, 0, 0 ]
    convexhull: [ 0.0665, -0.0615, -0.0335,   0.0665, -0.0185, -0.0335,   0.0135, -0.0185, -0.0335,   0.0135, -0.0615, -0.0335 ]
    boundary: [ 0.0665, -0.0615, -0.0335,   0.0665, -0.0185, -0.0335,   0.0135, -0.0185, -0.0335,   0.0135, -0.0615, -0.0335 ]
    convexity: [ 1 ]
    bounding_box_edge: [ 0.053, 0.043, 1.0e-5 ]
    bounding_box_center: [ 0.04,  -0.04,  -0.0335 ]
  -
    id: [ 2 ]
    area: [ 0.002279 ]
    outer_normal: [ 0, 0, 1 ]
    tangent_vector: [ 1, 0, 0 ]
    convexhull: [ -0.0135, -0.0615, -0.0335,  -0.0135, -0.0185, -0.0335,  -0.0665, -0.0185, -0.0335,  -0.0665, -0.0615, -0.0335 ]
    boundary: [ -0.0135, -0.0615, -0.0335,  -0.0135, -0.0185, -0.0335,  -0.0665, -0.0185, -0.0335,  -0.0665, -0.0615, -0.0335 ]
    convexity: [ 1 ]
    bounding_box_edge: [ 0.053, 0.043, 1.0e-5 ]
    bounding_box_center: [ -0.04,  -0.04,  -0.0335 ]
  -
    id: [ 3 ]
    area: [ 0.002279 ]
    outer_normal: [ 0, 0, 1 ]
    tangent_vector: [ 1, 0, 0 ]
    convexhull: [ 0.0665, 0.0185, -0.0335,   0.0665, 0.0615, -0.0335,   0.0135, 0.0615, -0.0335,  0.0135, 0.0185, -0.0335 ]
    boundary: [ 0.0665, 0.0185, -0.0335,   0.0665, 0.0615, -0.0335,   0.0135, 0.0615, -0.0335,  0.0135, 0.0185, -0.0335 ]
    convexity: [ 1 ]
    bounding_box_edge: [ 0.053, 0.043, 1.0e-5 ]
    bounding_box_center: [ 0.04, 0.04, -0.0335 ]
