1 -7.51454e-05 0.452393 -0.891819 9.21667e-05 0.891819 0.452393 1 -4.82007e-05 -0.000108712 -0.151646 0.121076 -0.000496096 0.4887 
1 7.5799e-05 -0.452393 0.891819 9.21667e-05 0.891819 0.452393 -1 4.7905e-05 0.000109295 0.151646 0.121076 0.000496273 0.4887 
1 -9.00079e-05 0.290663 -0.956826 7.7718e-05 0.956826 0.290663 1 -4.82007e-05 -0.000108712 -0.170366 0.0929046 -0.000496096 0.4887 
1 9.06615e-05 -0.290663 0.956826 7.7718e-05 0.956826 0.290663 -1 4.80107e-05 0.000109337 0.170366 0.0929046 0.000496281 0.4887 
1 -0.000102136 0.120101 -0.992762 6.09081e-05 0.992762 0.120101 1 -4.82007e-05 -0.000108712 -0.18391 0.0619104 -0.000496096 0.4887 
1 0.000102789 -0.120101 0.992762 6.09081e-05 0.992762 0.120101 -1 4.81222e-05 0.00010936 0.18391 0.0619104 0.00049629 0.4887 
1 -0.00011116 -0.0541099 -0.998535 4.22477e-05 0.998535 -0.0541099 1 -4.82007e-05 -0.000108712 -0.191867 0.0290351 -0.000496096 0.4887 
1 0.000111814 0.0541099 0.998535 4.22477e-05 0.998535 -0.0541099 -1 4.82361e-05 0.000109364 0.191867 0.0290351 0.000496299 0.4887 
1 -0.000116808 -0.226677 -0.97397 2.23036e-05 0.97397 -0.226677 1 -4.82007e-05 -0.000108712 -0.193994 -0.00472232 -0.000496096 0.4887 
1 0.000117461 0.226677 0.97397 2.23036e-05 0.97397 -0.226677 -1 4.83488e-05 0.000109348 0.193994 -0.00472232 0.000496307 0.4887 
1 -0.000118906 -0.392356 -0.919813 1.68194e-06 0.919813 -0.392356 1 -4.82007e-05 -0.000108712 -0.190227 -0.0383358 -0.000496096 0.4887 
1 0.00011956 0.392356 0.919813 1.68194e-06 0.919813 -0.392356 -1 4.84571e-05 0.000109313 0.190227 -0.0383358 0.000496216 0.4887 
1 -0.000117392 -0.546115 -0.83771 -1.89909e-05 0.83771 -0.546115 1 -4.82007e-05 -0.000108712 -0.18068 -0.0707854 -0.000496096 0.4887 
1 0.000118046 0.546115 0.83771 -1.89909e-05 0.83771 -0.546115 -1 4.85576e-05 0.000109259 0.18068 -0.0707854 0.000496224 0.4887 
1 -0.000112311 -0.683282 -0.730155 -3.90867e-05 0.730155 -0.683282 1 -4.82007e-05 -0.000108712 -0.165644 -0.101084 -0.000496096 0.4887 
1 0.000112965 0.683282 0.730155 -3.90867e-05 0.730155 -0.683282 -1 4.86473e-05 0.000109189 0.165644 -0.101084 0.000496231 0.4887 
1 -0.000103818 -0.799688 -0.600416 -5.79949e-05 0.600416 -0.799688 1 -4.82007e-05 -0.000108712 -0.145575 -0.128311 -0.000496096 0.4887 
1 0.000104471 0.799688 0.600416 -5.79949e-05 0.600416 -0.799688 -1 4.87234e-05 0.000109104 0.145575 -0.128311 0.000496237 0.4887 
1 -9.21701e-05 -0.891798 -0.452434 -7.51411e-05 0.452434 -0.891798 1 -4.82007e-05 -0.000108712 -0.121083 -0.15164 -0.000496096 0.4887 
1 9.28237e-05 0.891798 0.452434 -7.51411e-05 0.452434 -0.891798 -1 4.87836e-05 0.000109007 0.121083 -0.15164 0.000496242 0.4887 
1 -7.77222e-05 -0.956812 -0.290707 -9.00043e-05 0.290707 -0.956812 1 -4.82007e-05 -0.000108712 -0.0929127 -0.170362 -0.000496096 0.4887 
1 7.83758e-05 0.956812 0.290707 -9.00043e-05 0.290707 -0.956812 -1 4.8826e-05 0.000108902 0.0929127 -0.170362 0.000496145 0.4887 
1 -6.09129e-05 -0.992756 -0.120147 -0.000102133 0.120147 -0.992756 1 -4.82007e-05 -0.000108712 -0.061919 -0.183907 -0.000496096 0.4887 
1 6.15665e-05 0.992756 0.120147 -0.000102133 0.120147 -0.992756 -1 4.88495e-05 0.00010879 0.061919 -0.183907 0.000496147 0.4887 
1 -4.22528e-05 -0.998537 0.0540637 -0.000111159 -0.0540637 -0.998537 1 -4.82007e-05 -0.000108712 -0.0290439 -0.191865 -0.000496096 0.4887 
1 4.29064e-05 0.998537 -0.0540637 -0.000111159 -0.0540637 -0.998537 -1 4.88533e-05 0.000108676 0.0290439 -0.191865 0.000496147 0.4887 
1 -2.2309e-05 -0.973981 0.226632 -0.000116807 -0.226632 -0.973981 1 -4.82007e-05 -0.000108712 0.00471348 -0.193994 -0.000496096 0.4887 
1 2.29626e-05 0.973981 -0.226632 -0.000116807 -0.226632 -0.973981 -1 4.88373e-05 0.000108563 -0.00471348 -0.193994 0.000496146 0.4887 
1 -1.68745e-06 -0.919831 0.392314 -0.000118906 -0.392314 -0.919831 1 -4.82007e-05 -0.000108712 0.0383276 -0.190228 -0.000496096 0.4887 
1 2.34104e-06 0.919831 -0.392314 -0.000118906 -0.392314 -0.919831 -1 4.88019e-05 0.000108455 -0.0383276 -0.190228 0.000496143 0.4887 
1 1.89854e-05 -0.837735 0.546076 -0.000117393 -0.546076 -0.837735 1 -4.82007e-05 -0.000108712 0.0707765 -0.180683 -0.000496096 0.4887 
1 -1.83318e-05 0.837735 -0.546076 -0.000117393 -0.546076 -0.837735 -1 4.87482e-05 0.000108355 -0.0707765 -0.180683 0.000496039 0.4887 
1 3.90815e-05 -0.730187 0.683248 -0.000112313 -0.683248 -0.730187 1 -4.82007e-05 -0.000108712 0.101077 -0.165649 -0.000496096 0.4887 
1 -3.84279e-05 0.730187 -0.683248 -0.000112313 -0.683248 -0.730187 -1 4.86779e-05 0.000108265 -0.101077 -0.165649 0.000496033 0.4887 
1 5.79901e-05 -0.600453 0.79966 -0.00010382 -0.79966 -0.600453 1 -4.82007e-05 -0.000108712 0.128305 -0.145581 -0.000496096 0.4887 
1 -5.73365e-05 0.600453 -0.79966 -0.00010382 -0.79966 -0.600453 -1 4.85931e-05 0.000108189 -0.128305 -0.145581 0.000496027 0.4887 
1 7.51369e-05 -0.452476 0.891777 -9.21736e-05 -0.891777 -0.452476 1 -4.82007e-05 -0.000108712 0.151635 -0.121091 -0.000496096 0.4887 
1 -7.44833e-05 0.452476 -0.891777 -9.21736e-05 -0.891777 -0.452476 -1 4.84964e-05 0.000108129 -0.151635 -0.121091 0.000496019 0.4887 
1 9.00007e-05 -0.290751 0.956799 -7.77264e-05 -0.956799 -0.290751 1 -4.82007e-05 -0.000108712 0.170358 -0.0929205 -0.000496096 0.4887 
1 -8.93471e-05 0.290751 -0.956799 -7.77264e-05 -0.956799 -0.290751 -1 4.83907e-05 0.000108086 -0.170358 -0.0929205 0.000496011 0.4887 
1 0.00010213 -0.120193 0.992751 -6.09176e-05 -0.992751 -0.120193 1 -4.82007e-05 -0.000108712 0.183905 -0.0619276 -0.000496096 0.4887 
1 -0.000101477 0.120193 -0.992751 -6.09176e-05 -0.992751 -0.120193 -1 4.82792e-05 0.000108063 -0.183905 -0.0619276 0.000496002 0.4887 
1 0.000111157 0.0540174 0.99854 -4.2258e-05 -0.99854 0.0540174 1 -4.82007e-05 -0.000108712 0.191864 -0.0290529 -0.000496096 0.4887 
1 -0.000110503 -0.0540174 -0.99854 -4.2258e-05 -0.99854 0.0540174 -1 4.81654e-05 0.000108059 -0.191864 -0.0290529 0.000495993 0.4887 
1 0.000116806 0.226586 0.973991 -2.23145e-05 -0.973991 0.226586 1 -4.82007e-05 -0.000108712 0.193994 0.00470424 -0.000496096 0.4887 
1 -0.000116152 -0.226586 -0.973991 -2.23145e-05 -0.973991 0.226586 -1 4.80526e-05 0.000108075 -0.193994 0.00470424 0.000495984 0.4887 
1 0.000118906 0.392271 0.91985 -1.69296e-06 -0.91985 0.392271 1 -4.82007e-05 -0.000108712 0.19023 0.0383182 -0.000496096 0.4887 
1 -0.000118252 -0.392271 -0.91985 -1.69296e-06 -0.91985 0.392271 -1 4.79443e-05 0.00010811 -0.19023 0.0383182 0.000495976 0.4887 
1 0.000117394 0.546038 0.837761 1.898e-05 -0.837761 0.546038 1 -4.82007e-05 -0.000108712 0.180687 0.0707689 -0.000496096 0.4887 
1 -0.00011674 -0.546038 -0.837761 1.898e-05 -0.837761 0.546038 -1 4.78438e-05 0.000108164 -0.180687 0.0707689 0.000495968 0.4887 
1 0.000112315 0.683214 0.730218 3.90763e-05 -0.730218 0.683214 1 -4.82007e-05 -0.000108712 0.165654 0.101069 -0.000496096 0.4887 
1 -0.000111661 -0.683214 -0.730218 3.90763e-05 -0.730218 0.683214 -1 4.77541e-05 0.000108234 -0.165654 0.101069 0.000496061 0.4887 
1 0.000103823 0.799632 0.60049 5.79853e-05 -0.60049 0.799632 1 -4.82007e-05 -0.000108712 0.145587 0.128298 -0.000496096 0.4887 
1 -0.000103169 -0.799632 -0.60049 5.79853e-05 -0.60049 0.799632 -1 4.76781e-05 0.000108319 -0.145587 0.128298 0.000496055 0.4887 
1 9.21771e-05 0.891756 0.452517 7.51326e-05 -0.452517 0.891756 1 -4.82007e-05 -0.000108712 0.121097 0.151629 -0.000496096 0.4887 
1 -9.15235e-05 -0.891756 -0.452517 7.51326e-05 -0.452517 0.891756 -1 4.76178e-05 0.000108416 -0.121097 0.151629 0.00049605 0.4887 
1 7.77306e-05 0.956785 0.290795 8.99971e-05 -0.290795 0.956785 1 -4.82007e-05 -0.000108712 0.0929281 0.170353 -0.000496096 0.4887 
1 -7.7077e-05 -0.956785 -0.290795 8.99971e-05 -0.290795 0.956785 -1 4.75753e-05 0.000108522 -0.0929281 0.170353 0.000496047 0.4887 
1 6.09223e-05 0.992745 0.120239 0.000102127 -0.120239 0.992745 1 -4.82007e-05 -0.000108712 0.061936 0.183901 -0.000496096 0.4887 
1 -6.02687e-05 -0.992745 -0.120239 0.000102127 -0.120239 0.992745 -1 4.75518e-05 0.000108633 -0.061936 0.183901 0.000496045 0.4887 
1 4.22631e-05 0.998542 -0.0539712 0.000111155 0.0539712 0.998542 1 -4.82007e-05 -0.000108712 0.0290617 0.191863 -0.000496096 0.4887 
1 -4.16095e-05 -0.998542 0.0539712 0.000111155 0.0539712 0.998542 -1 4.7548e-05 0.000108747 -0.0290617 0.191863 0.000496144 0.4887 
1 2.23199e-05 0.974002 -0.226541 0.000116805 0.226541 0.974002 1 -4.82007e-05 -0.000108712 -0.0046954 0.193995 -0.000496096 0.4887 
1 -2.16663e-05 -0.974002 0.226541 0.000116805 0.226541 0.974002 -1 4.75641e-05 0.00010886 0.0046954 0.193995 0.000496146 0.4887 
1 1.69846e-06 0.919868 -0.392228 0.000118906 0.392228 0.919868 1 -4.82007e-05 -0.000108712 -0.0383096 0.190231 -0.000496096 0.4887 
1 -1.04487e-06 -0.919868 0.392228 0.000118906 0.392228 0.919868 -1 4.75995e-05 0.000108968 0.0383096 0.190231 0.000496148 0.4887 
1 -1.89745e-05 0.837786 -0.545999 0.000117395 0.545999 0.837786 1 -4.82007e-05 -0.000108712 -0.0707604 0.18069 -0.000496096 0.4887 
1 1.96281e-05 -0.837786 0.545999 0.000117395 0.545999 0.837786 -1 4.76531e-05 0.000109068 0.0707604 0.18069 0.000496152 0.4887 
1 -3.90711e-05 0.73025 -0.68318 0.000112316 0.68318 0.73025 1 -4.82007e-05 -0.000108712 -0.101061 0.165658 -0.000496096 0.4887 
1 3.97246e-05 -0.73025 0.68318 0.000112316 0.68318 0.73025 -1 4.77234e-05 0.000109158 0.101061 0.165658 0.000496158 0.4887 
1 -5.79805e-05 0.600527 -0.799604 0.000103826 0.799604 0.600527 1 -4.82007e-05 -0.000108712 -0.128291 0.145593 -0.000496096 0.4887 
1 5.86341e-05 -0.600527 0.799604 0.000103826 0.799604 0.600527 -1 4.78082e-05 0.000109234 0.128291 0.145593 0.000496265 0.4887 
1 -7.51283e-05 0.452558 -0.891735 9.21806e-05 0.891735 0.452558 1 -4.82007e-05 -0.000108712 -0.151623 0.121104 -0.000496096 0.4887 
1 7.57819e-05 -0.452558 0.891735 9.21806e-05 0.891735 0.452558 -1 4.79049e-05 0.000109294 0.151623 0.121104 0.000496272 0.4887 
