# Assembly action data format version 0.1

mainItem: FXAC15-15-F22-MA12_1
subItem: GEABDM2_0-30-20
durationTime: 4
sequence: 
  - 
    time: 0
    pose: 
      translation: [ 0.00200464066, -0.458545859, -0.0100672417 ]
      rotation: [ 
        1, -6.123234e-17, -1.17145536e-15, 
        6.123234e-17, 1, -7.17309528e-32, 
        1.17145536e-15, -5.37895992e-64, 1 ]
    subObject: 
      prehension: 
        type: prehension
        handFrame: 
          translation: [ 0.1, 0, 0 ]
          rotation: [ 
            1, 0, 0, 
            0, 0.965926, 0.258819, 
            0, -0.258819, 0.965926 ]
        graspPoints: 
          - [ 0.005, 0.04, 0 ]
          - [ 0.005, -0.04, 0 ]
          - [ 0.005, -0.03, 0.03 ]
  - 
    time: 1
    pose: 
      translation: [ 0.156307584, -0.458545859, -0.0100672417 ]
      rotation: [ 
        1, -6.123234e-17, -1.17145536e-15, 
        6.123234e-17, 1, -7.17309528e-32, 
        1.17145536e-15, -5.37895992e-64, 1 ]
    subObject: 
      prehension: 
        type: prehension
        handFrame: 
          translation: [ 0.1, 0, 0 ]
          rotation: [ 
            1, 0, 0, 
            0, 0.965926, 0.258819, 
            0, -0.258819, 0.965926 ]
        graspPoints: 
          - [ 0.005, 0.04, 0 ]
          - [ 0.005, -0.04, 0 ]
          - [ 0.005, -0.03, 0.03 ]
  - 
    time: 2
    pose: 
      translation: [ 0.156307584, -0.00630674656, -0.00141787122 ]
      rotation: [ 
        1, -6.123234e-17, -1.17145536e-15, 
        6.123234e-17, 1, -7.17309528e-32, 
        1.17145536e-15, -5.37895992e-64, 1 ]
    subObject: 
      prehension: 
        type: prehension
        handFrame: 
          translation: [ 0.1, 0, 0 ]
          rotation: [ 
            1, 0, 0, 
            0, 0.965926, 0.258819, 
            0, -0.258819, 0.965926 ]
        graspPoints: 
          - [ 0.005, 0.04, 0 ]
          - [ 0.005, -0.04, 0 ]
          - [ 0.005, -0.03, 0.03 ]
  - 
    time: 3
    pose: 
      translation: [ 0.1487035, -0.000132831667, -0.000138745225 ]
      rotation: [ 
        1, -6.123234e-17, -1.17145536e-15, 
        6.123234e-17, 1, -7.17309528e-32, 
        1.17145536e-15, -5.37895992e-64, 1 ]
    subObject: 
      prehension: 
        type: prehension
        handFrame: 
          translation: [ 0.1, 0, 0 ]
          rotation: [ 
            1, 0, 0, 
            0, 0.965926, 0.258819, 
            0, -0.258819, 0.965926 ]
        graspPoints: 
          - [ 0.005, 0.04, 0 ]
          - [ 0.005, -0.04, 0 ]
          - [ 0.005, -0.03, 0.03 ]
  - 
    time: 4
    pose: 
      translation: [ 0.039380223, -0.000132831667, -0.000138745225 ]
      rotation: [ 
        1, -6.123234e-17, -1.17145536e-15, 
        6.123234e-17, 1, -7.17309528e-32, 
        1.17145536e-15, -5.37895992e-64, 1 ]
    subObject: 
      prehension: 
        type: prehension
        handFrame: 
          translation: [ 0.1, 0, 0 ]
          rotation: [ 
            1, 0, 0, 
            0, 0.965926, 0.258819, 
            0, -0.258819, 0.965926 ]
        graspPoints: 
          - [ 0.005, 0.04, 0 ]
          - [ 0.005, -0.04, 0 ]
          - [ 0.005, -0.03, 0.03 ]
