# Assembly action data format version 0.1

mainItem: FXAC15-15-F22-MA12_2
subItem: GEABDM2_0-40-20
durationTime: 7
sequence: 
  - 
    time: 0
    pose: 
      translation: [ -0.00499192238, -0.384145842, -0.0364123252 ]
      rotation: [ 
        1, -8.90766633e-32, -7.88598495e-16, 
        8.90766633e-32, 1, 0, 
        7.88598495e-16, -5.45437253e-48, 1 ]
    subObject: 
      prehension: 
        type: prehension
        handFrame: 
          translation: [ 0.1, 0, 0 ]
          rotation: [ 
            1, 0, 0, 
            0, 0.965926, 0.258819, 
            0, -0.258819, 0.965926 ]
  - 
    time: 1
    pose: 
      translation: [ 0.14331692, -0.384145842, -0.0364123252 ]
      rotation: [ 
        1, -8.90766633e-32, -7.88598495e-16, 
        8.90766633e-32, 1, 0, 
        7.88598495e-16, -5.45437253e-48, 1 ]
    subObject: 
      prehension: 
        type: prehension
        handFrame: 
          translation: [ 0.1, 0, 0 ]
          rotation: [ 
            1, 0, 0, 
            0, 0.965926, 0.258819, 
            0, -0.258819, 0.965926 ]
  - 
    time: 2
    pose: 
      translation: [ 0.14331692, -0.00562233487, -0.0364123252 ]
      rotation: [ 
        1, -8.90766633e-32, -7.88598495e-16, 
        8.90766633e-32, 1, 0, 
        7.88598495e-16, -5.45437253e-48, 1 ]
    subObject: 
      prehension: 
        type: prehension
        handFrame: 
          translation: [ 0.1, 0, 0 ]
          rotation: [ 
            1, 0, 0, 
            0, 0.965926, 0.258819, 
            0, -0.258819, 0.965926 ]
  - 
    time: 3
    pose: 
      translation: [ 0.14331692, -0.000214623775, -0.000388790237 ]
      rotation: [ 
        1, -8.90766633e-32, -7.88598495e-16, 
        8.90766633e-32, 1, 0, 
        7.88598495e-16, -5.45437253e-48, 1 ]
    subObject: 
      prehension: 
        type: prehension
        handFrame: 
          translation: [ 0.1, 0, 0 ]
          rotation: [ 
            1, 0, 0, 
            0, 0.965926, 0.258819, 
            0, -0.258819, 0.965926 ]
  - 
    time: 4
    pose: 
      translation: [ 0.0864933394, -0.000214623775, -0.000388790237 ]
      rotation: [ 
        1, -8.90766633e-32, -7.88598495e-16, 
        8.90766633e-32, 1, 0, 
        7.88598495e-16, -5.45437253e-48, 1 ]
    subObject: 
      prehension: 
        type: prehension
        handFrame: 
          translation: [ 0.1, 0, 0 ]
          rotation: [ 
            1, 0, 0, 
            0, 0.965926, 0.258819, 
            0, -0.258819, 0.965926 ]
  - 
    time: 5
    pose: 
      translation: [ 0.0864933394, -0.000214623775, -0.000388790237 ]
      rotation: [ 
        1, 7.74459314e-17, -7.84786413e-16, 
        8.62816615e-32, 0.995166004, 0.0982070495, 
        7.88598495e-16, -0.0982070495, 0.995166004 ]
    subObject: 
      prehension: 
        type: prehension
        handFrame: 
          translation: [ 0.1, 0, 0 ]
          rotation: [ 
            1, 0, 0, 
            0, 0.965926, 0.258819, 
            0, -0.258819, 0.965926 ]
  - 
    time: 6
    pose: 
      translation: [ 0.0607597385, -0.000214623775, -0.000388790237 ]
      rotation: [ 
        1, 6.14101461e-17, -7.86203778e-16, 
        8.62816615e-32, 0.996963325, 0.0778725124, 
        7.88598495e-16, -0.0778725124, 0.996963325 ]
    subObject: 
      prehension: 
        type: prehension
        handFrame: 
          translation: [ 0.1, 0, 0 ]
          rotation: [ 
            1, 0, 0, 
            0, 0.965926, 0.258819, 
            0, -0.258819, 0.965926 ]
  - 
    time: 7
    pose: 
      translation: [ 0.0398375804, -0.000214623775, -0.000388790237 ]
      rotation: [ 
        1, 6.14101461e-17, -7.86203778e-16, 
        8.62816615e-32, 0.996963325, 0.0778725124, 
        7.88598495e-16, -0.0778725124, 0.996963325 ]
    subObject: 
      prehension: 
        type: prehension
        handFrame: 
          translation: [ 0.1, 0, 0 ]
          rotation: [ 
            1, 0, 0, 
            0, 0.965926, 0.258819, 
            0, -0.258819, 0.965926 ]
