# Assembly action data format version 0.1

mainItem: FXAC15-15-F22-MA12_2
subItem: LBNR12_2
durationTime: 4
sequence: 
  - 
    time: 0
    pose: 
      translation: [ 0.00190199358, -0.461701459, 0.0820271179 ]
      rotation: [ 
        -1, -6.18840419e-32, -4.4408921e-16, 
        -6.18840419e-32, 1, 0, 
        4.4408921e-16, -3.78930469e-48, -1 ]
    subObject: 
      prehension: 
        type: prehension
        handFrame: 
          translation: [ -0.1, 0, 0 ]
          rotation: [ 
            -1, 0, 0, 
            0, 0.965926, 0.258819, 
            0, 0.258819, -0.965926 ]
  - 
    time: 1
    pose: 
      translation: [ 0.0850173336, -0.461701459, 0.0820271179 ]
      rotation: [ 
        -1, -6.18840419e-32, -4.4408921e-16, 
        -6.18840419e-32, 1, 0, 
        4.4408921e-16, -3.78930469e-48, -1 ]
    subObject: 
      prehension: 
        type: prehension
        handFrame: 
          translation: [ -0.1, 0, 0 ]
          rotation: [ 
            -1, 0, 0, 
            0, 0.965926, 0.258819, 
            0, 0.258819, -0.965926 ]
  - 
    time: 2
    pose: 
      translation: [ 0.0850173336, -0.000477429998, 0.0820271179 ]
      rotation: [ 
        -1, -6.18840419e-32, -4.4408921e-16, 
        -6.18840419e-32, 1, 0, 
        4.4408921e-16, -3.78930469e-48, -1 ]
    subObject: 
      prehension: 
        type: prehension
        handFrame: 
          translation: [ -0.1, 0, 0 ]
          rotation: [ 
            -1, 0, 0, 
            0, 0.965926, 0.258819, 
            0, 0.258819, -0.965926 ]
  - 
    time: 3
    pose: 
      translation: [ 0.0850173336, -0.000155562296, -9.7014108e-05 ]
      rotation: [ 
        -1, -6.18840419e-32, -4.4408921e-16, 
        -6.18840419e-32, 1, 0, 
        4.4408921e-16, -3.78930469e-48, -1 ]
    subObject: 
      prehension: 
        type: prehension
        handFrame: 
          translation: [ -0.1, 0, 0 ]
          rotation: [ 
            -1, 0, 0, 
            0, 0.965926, 0.258819, 
            0, 0.258819, -0.965926 ]
  - 
    time: 4
    pose: 
      translation: [ 0.0630001443, -0.000155562296, -9.7014108e-05 ]
      rotation: [ 
        -1, -6.18840419e-32, -4.4408921e-16, 
        -6.18840419e-32, 1, 0, 
        4.4408921e-16, -3.78930469e-48, -1 ]
    subObject: 
      prehension: 
        type: prehension
        handFrame: 
          translation: [ -0.1, 0, 0 ]
          rotation: [ 
            -1, 0, 0, 
            0, 0.965926, 0.258819, 
            0, 0.258819, -0.965926 ]
