# Assembly action data format version 0.1

mainItem: HFMQA-SC-A150-B100-T25-X35-Y50-N12-L70-NA12
subItem: FXAC15-15-F22-MA12_2
durationTime: 5
sequence: 
  - 
    time: 0
    pose: 
      translation: [ -0.0871953174, 0.0139663849, 0.0773561387 ]
      rotation: [ 
        1, 0, 0, 
        0, -3.8285687e-16, 1, 
        0, -1, -3.8285687e-16 ]
    subObject: 
      prehension: 
        type: prehension
        handFrame: 
          translation: [ 0.06, 0, 0.1 ]
          rotation: [ 
            0, 0.258819, -0.965926, 
            0, 0.965926, 0.258819, 
            1, 0, 0 ]
        graspPoints: 
          - [ 0.01, 0.01, 0 ]
          - [ 0.05, -0.01, 0 ]
  - 
    time: 1
    pose: 
      translation: [ -0.0871953174, 0.10432195, 0.0773561387 ]
      rotation: [ 
        1, 0, 0, 
        0, -3.8285687e-16, 1, 
        0, -1, -3.8285687e-16 ]
    subObject: 
      prehension: 
        type: prehension
        handFrame: 
          translation: [ 0.06, 0, 0.1 ]
          rotation: [ 
            0, 0.258819, -0.965926, 
            0, 0.965926, 0.258819, 
            1, 0, 0 ]
        graspPoints: 
          - [ 0.01, 0.01, 0 ]
          - [ 0.05, -0.01, 0 ]
  - 
    time: 2
    pose: 
      translation: [ -0.0871953174, 0.10432195, -0.101137941 ]
      rotation: [ 
        1, 0, 0, 
        0, -3.8285687e-16, 1, 
        0, -1, -3.8285687e-16 ]
    subObject: 
      prehension: 
        type: prehension
        handFrame: 
          translation: [ 0.06, 0, 0.1 ]
          rotation: [ 
            0, 0.258819, -0.965926, 
            0, 0.965926, 0.258819, 
            1, 0, 0 ]
        graspPoints: 
          - [ 0.01, 0.01, 0 ]
          - [ 0.05, -0.01, 0 ]
  - 
    time: 3
    pose: 
      translation: [ -0.0871953174, 0.10432195, -0.101137941 ]
      rotation: [ 
        -9.4941076e-16, 0, -1, 
        1, -3.8285687e-16, -9.4941076e-16, 
        -3.8285687e-16, -1, 3.63488432e-31 ]
    subObject: 
      prehension: 
        type: prehension
        handFrame: 
          translation: [ 0.06, 0, 0.1 ]
          rotation: [ 
            0, 0.258819, -0.965926, 
            0, 0.965926, 0.258819, 
            1, 0, 0 ]
        graspPoints: 
          - [ 0.01, 0.01, 0 ]
          - [ 0.05, -0.01, 0 ]
  - 
    time: 4
    pose: 
      translation: [ -0.0501981021, 0.10432195, -0.104594674 ]
      rotation: [ 
        -9.4941076e-16, 0, -1, 
        1, -3.8285687e-16, -9.4941076e-16, 
        -3.8285687e-16, -1, 3.63488432e-31 ]
    subObject: 
      prehension: 
        type: prehension
        handFrame: 
          translation: [ 0.06, 0, 0.1 ]
          rotation: [ 
            0, 0.258819, -0.965926, 
            0, 0.965926, 0.258819, 
            1, 0, 0 ]
        graspPoints: 
          - [ 0.01, 0.01, 0 ]
          - [ 0.05, -0.01, 0 ]
  - 
    time: 5
    pose: 
      translation: [ -0.0501981021, 0.0066997836, -0.104594674 ]
      rotation: [ 
        -9.4941076e-16, 0, -1, 
        1, -3.8285687e-16, -9.4941076e-16, 
        -3.8285687e-16, -1, 3.63488432e-31 ]
    subObject: 
      prehension: 
        type: prehension
        handFrame: 
          translation: [ 0.06, 0, 0.1 ]
          rotation: [ 
            0, 0.258819, -0.965926, 
            0, 0.965926, 0.258819, 
            1, 0, 0 ]
        graspPoints: 
          - [ 0.01, 0.01, 0 ]
          - [ 0.05, -0.01, 0 ]
