# Assembly action data format version 0.1

mainItem: FXAC15-15-F22-MA12_1
subItem: LBNR12_1
durationTime: 4
sequence: 
  - 
    time: 0
    pose: 
      translation: [ 0.00168282811, -0.44738732, 0.0819119323 ]
      rotation: [ 
        -1, -6.123234e-17, -7.27366155e-16, 
        -6.123234e-17, 1, -4.45383317e-32, 
        7.27366155e-16, 3.33983993e-64, -1 ]
    subObject: 
      prehension: 
        type: prehension
        handFrame: 
          translation: [ -0.1, 0, 0 ]
          rotation: [ 
            -1, 0, 0, 
            0, 0.965926, 0.258819, 
            0, 0.258819, -0.965926 ]
  - 
    time: 1
    pose: 
      translation: [ 0.0838929453, -0.44738732, 0.0819119323 ]
      rotation: [ 
        -1, -6.123234e-17, -7.27366155e-16, 
        -6.123234e-17, 1, -4.45383317e-32, 
        7.27366155e-16, 3.33983993e-64, -1 ]
    subObject: 
      prehension: 
        type: prehension
        handFrame: 
          translation: [ -0.1, 0, 0 ]
          rotation: [ 
            -1, 0, 0, 
            0, 0.965926, 0.258819, 
            0, 0.258819, -0.965926 ]
  - 
    time: 2
    pose: 
      translation: [ 0.0838929453, -0.0015242834, 0.0819119323 ]
      rotation: [ 
        -1, -6.123234e-17, -7.27366155e-16, 
        -6.123234e-17, 1, -4.45383317e-32, 
        7.27366155e-16, 3.33983993e-64, -1 ]
    subObject: 
      prehension: 
        type: prehension
        handFrame: 
          translation: [ -0.1, 0, 0 ]
          rotation: [ 
            -1, 0, 0, 
            0, 0.965926, 0.258819, 
            0, 0.258819, -0.965926 ]
  - 
    time: 3
    pose: 
      translation: [ 0.0838929453, -9.00502593e-05, -0.000401483373 ]
      rotation: [ 
        -1, -6.123234e-17, -7.27366155e-16, 
        -6.123234e-17, 1, -4.45383317e-32, 
        7.27366155e-16, 3.33983993e-64, -1 ]
    subObject: 
      prehension: 
        type: prehension
        handFrame: 
          translation: [ -0.1, 0, 0 ]
          rotation: [ 
            -1, 0, 0, 
            0, 0.965926, 0.258819, 
            0, 0.258819, -0.965926 ]
  - 
    time: 4
    pose: 
      translation: [ 0.0625369347, -9.00502593e-05, -0.000401483373 ]
      rotation: [ 
        -1, -6.123234e-17, -7.27366155e-16, 
        -6.123234e-17, 1, -4.45383317e-32, 
        7.27366155e-16, 3.33983993e-64, -1 ]
    subObject: 
      prehension: 
        type: prehension
        handFrame: 
          translation: [ -0.1, 0, 0 ]
          rotation: [ 
            -1, 0, 0, 
            0, 0.965926, 0.258819, 
            0, 0.258819, -0.965926 ]
