1 0.094948 -0.383383 -0.918696 -0.993262 0.025119 -0.113136 0.066451 0.923248 -0.378415 -0.135670 0.010767 -0.179667 1.396260 -1.186857 0.104334 0.215203 0.215203 0.900000 -0.410000 0.351526 0.351526 0.810000 -0.060000 0.491900 0.491900 0.034907 0.261799 0.122173 0.122173 
1 0.094948 -0.383383 -0.918696 0.993262 -0.025119 0.113136 -0.066452 -0.923248 0.378415 -0.135670 -0.010767 0.179667 1.396260 -1.186857 0.104334 0.215203 0.215203 0.900000 -0.410000 0.351526 0.351526 0.810000 -0.060000 0.491900 0.491900 0.034907 0.261799 0.122173 0.122173 
1 -0.078959 -0.373070 -0.924437 -0.994661 0.091298 0.048112 0.066450 0.923300 -0.378287 -0.131764 0.034164 -0.179649 1.396260 -1.186857 0.104334 0.215203 0.215203 0.900000 -0.410000 0.351526 0.351526 0.810000 -0.060000 0.491900 0.491900 0.034907 0.261799 0.122173 0.122173 
1 -0.078959 -0.373070 -0.924437 0.994661 -0.091298 -0.048112 -0.066450 -0.923300 0.378287 -0.131764 -0.034164 0.179649 1.396260 -1.186857 0.104334 0.215203 0.215203 0.900000 -0.410000 0.351526 0.351526 0.810000 -0.060000 0.491900 0.491900 0.034907 0.261799 0.122173 0.122173 
1 -0.250466 -0.351421 -0.902092 -0.965841 0.154681 0.207908 0.066473 0.923351 -0.378159 -0.123855 0.056527 -0.179631 1.396260 -1.186857 0.104334 0.215203 0.215203 0.900000 -0.410000 0.351526 0.351526 0.810000 -0.060000 0.491900 0.491900 0.034907 0.261799 0.122173 0.122173 
1 -0.250466 -0.351421 -0.902092 0.965841 -0.154681 -0.207908 -0.066473 -0.923351 0.378160 -0.123855 -0.056527 0.179631 1.396260 -1.186857 0.104334 0.215203 0.215203 0.900000 -0.410000 0.351526 0.351526 0.810000 -0.060000 0.491900 0.491900 0.034907 0.261799 0.122173 0.122173 
1 -0.414363 -0.319096 -0.852338 -0.907677 0.213341 0.361396 0.066519 0.923398 -0.378037 -0.112183 0.077177 -0.179614 1.396260 -1.186857 0.104334 0.215203 0.215203 0.900000 -0.410000 0.351526 0.351526 0.810000 -0.060000 0.491900 0.491900 0.034907 0.261799 0.122173 0.122173 
1 -0.414363 -0.319096 -0.852338 0.907677 -0.213342 -0.361396 -0.066520 -0.923397 0.378037 -0.112183 -0.077177 0.179615 1.396260 -1.186857 0.104334 0.215203 0.215203 0.900000 -0.410000 0.351526 0.351526 0.810000 -0.060000 0.491900 0.491900 0.034907 0.261799 0.122173 0.122173 
1 -0.565671 -0.277076 -0.776689 -0.821938 0.265498 0.503913 0.066587 0.923439 -0.377924 -0.097102 0.095487 -0.179600 1.396260 -1.186857 0.104334 0.215203 0.215203 0.900000 -0.410000 0.351526 0.351526 0.810000 -0.060000 0.491900 0.491900 0.034907 0.261799 0.122173 0.122173 
1 -0.565671 -0.277076 -0.776689 0.821938 -0.265499 -0.503913 -0.066588 -0.923439 0.377924 -0.097102 -0.095486 0.179600 1.396260 -1.186857 0.104334 0.215203 0.215203 0.900000 -0.410000 0.351526 0.351526 0.810000 -0.060000 0.491900 0.491900 0.034907 0.261799 0.122173 0.122173 
1 -0.699793 -0.226637 -0.677441 -0.711228 0.309566 0.631129 0.066675 0.923474 -0.377822 -0.079071 0.110899 -0.179588 1.396260 -1.186857 0.104334 0.215203 0.215203 0.900000 -0.410000 0.351526 0.351526 0.810000 -0.060000 0.491900 0.491900 0.034907 0.261799 0.122173 0.122173 
1 -0.699793 -0.226637 -0.677441 0.711228 -0.309567 -0.631129 -0.066676 -0.923474 0.377823 -0.079071 -0.110899 0.179588 1.396260 -1.186857 0.104334 0.215203 0.215203 0.900000 -0.410000 0.351526 0.351526 0.810000 -0.060000 0.491900 0.491900 0.034907 0.261799 0.122173 0.122173 
1 -0.812652 -0.169312 -0.557611 -0.578910 0.344206 0.739179 0.066781 0.923502 -0.377736 -0.058638 0.122947 -0.179578 1.396260 -1.186857 0.104334 0.215203 0.215203 0.900000 -0.410000 0.351526 0.351526 0.810000 -0.060000 0.491900 0.491900 0.034907 0.261799 0.122173 0.122173 
1 -0.812652 -0.169312 -0.557611 0.578910 -0.344207 -0.739179 -0.066781 -0.923502 0.377737 -0.058638 -0.122947 0.179578 1.396260 -1.186857 0.104334 0.215203 0.215203 0.900000 -0.410000 0.351526 0.351526 0.810000 -0.060000 0.491900 0.491900 0.034907 0.261799 0.122173 0.122173 
1 -0.900821 -0.106843 -0.420839 -0.429005 0.368366 0.824780 0.066900 0.923521 -0.377668 -0.036423 0.131263 -0.179571 1.396260 -1.186857 0.104334 0.215203 0.215203 0.900000 -0.410000 0.351526 0.351526 0.810000 -0.060000 0.491900 0.491900 0.034907 0.261799 0.122173 0.122173 
1 -0.900821 -0.106843 -0.420839 0.429005 -0.368366 -0.824779 -0.066901 -0.923521 0.377669 -0.036423 -0.131263 0.179571 1.396260 -1.186857 0.104334 0.215203 0.215203 0.900000 -0.410000 0.351526 0.351526 0.810000 -0.060000 0.491900 0.491900 0.034907 0.261799 0.122173 0.122173 
1 -0.961621 -0.041129 -0.271280 -0.266067 0.381311 0.885331 0.067030 0.923531 -0.377620 -0.013102 0.135596 -0.179568 1.396260 -1.186857 0.104334 0.215203 0.215203 0.900000 -0.410000 0.351526 0.351526 0.810000 -0.060000 0.491900 0.491900 0.034907 0.261799 0.122173 0.122173 
1 -0.961621 -0.041129 -0.271280 0.266067 -0.381312 -0.885330 -0.067030 -0.923531 0.377621 -0.013102 -0.135596 0.179568 1.396260 -1.186857 0.104334 0.215203 0.215203 0.900000 -0.410000 0.351526 0.351526 0.810000 -0.060000 0.491900 0.491900 0.034907 0.261799 0.122173 0.122173 
1 -0.993204 0.025836 -0.113480 -0.095047 0.382649 0.918992 0.067166 0.923532 -0.377593 0.010618 0.135813 -0.179568 1.396260 -1.186857 0.104334 0.215203 0.215203 0.900000 -0.410000 0.351526 0.351526 0.810000 -0.060000 0.491900 0.491900 0.034907 0.261799 0.122173 0.122173 
1 -0.993204 0.025836 -0.113480 0.095047 -0.382650 -0.918991 -0.067166 -0.923532 0.377594 0.010618 -0.135813 0.179568 1.396260 -1.186857 0.104334 0.215203 0.215203 0.900000 -0.410000 0.351526 0.351526 0.810000 -0.060000 0.491900 0.491900 0.034907 0.261799 0.122173 0.122173 
1 -0.994611 0.092016 0.047768 0.078859 0.372339 0.924741 0.067305 0.923524 -0.377589 0.034015 0.131909 -0.179571 1.396260 -1.186857 0.104334 0.215203 0.215203 0.900000 -0.410000 0.351526 0.351526 0.810000 -0.060000 0.491900 0.491900 0.034907 0.261799 0.122173 0.122173 
1 -0.994611 0.092016 0.047768 -0.078859 -0.372339 -0.924740 -0.067305 -0.923524 0.377589 0.034015 -0.131909 0.179571 1.396260 -1.186857 0.104334 0.215203 0.215203 0.900000 -0.410000 0.351526 0.351526 0.810000 -0.060000 0.491900 0.491900 0.034907 0.261799 0.122173 0.122173 
1 -0.965799 0.155399 0.207565 0.250368 0.350693 0.902402 0.067441 0.923507 -0.377606 0.056378 0.124001 -0.179577 1.396260 -1.186857 0.104334 0.215203 0.215203 0.900000 -0.410000 0.351526 0.351526 0.810000 -0.060000 0.491900 0.491900 0.034907 0.261799 0.122173 0.122173 
1 -0.965799 0.155399 0.207565 -0.250368 -0.350694 -0.902402 -0.067441 -0.923507 0.377607 0.056378 -0.124001 0.179577 1.396260 -1.186857 0.104334 0.215203 0.215203 0.900000 -0.410000 0.351526 0.351526 0.810000 -0.060000 0.491900 0.491900 0.034907 0.261799 0.122173 0.122173 
1 -0.907643 0.214062 0.361056 0.414268 0.318371 0.852656 0.067572 0.923481 -0.377646 0.077029 0.112329 -0.179586 1.396260 -1.186857 0.104334 0.215203 0.215203 0.900000 -0.410000 0.351526 0.351526 0.810000 -0.060000 0.491900 0.491900 0.034907 0.261799 0.122173 0.122173 
1 -0.907643 0.214062 0.361056 -0.414268 -0.318371 -0.852656 -0.067571 -0.923481 0.377647 0.077029 -0.112329 0.179587 1.396260 -1.186857 0.104334 0.215203 0.215203 0.900000 -0.410000 0.351526 0.351526 0.810000 -0.060000 0.491900 0.491900 0.034907 0.261799 0.122173 0.122173 
1 -0.821911 0.266221 0.503576 0.565580 0.276353 0.777013 0.067692 0.923448 -0.377706 0.095339 0.097250 -0.179598 1.396260 -1.186857 0.104334 0.215203 0.215203 0.900000 -0.410000 0.351526 0.351526 0.810000 -0.060000 0.491900 0.491900 0.034907 0.261799 0.122173 0.122173 
1 -0.821911 0.266221 0.503576 -0.565580 -0.276353 -0.777013 -0.067692 -0.923448 0.377707 0.095339 -0.097250 0.179599 1.396260 -1.186857 0.104334 0.215203 0.215203 0.900000 -0.410000 0.351526 0.351526 0.810000 -0.060000 0.491900 0.491900 0.034907 0.261799 0.122173 0.122173 
1 -0.711207 0.310291 0.630797 0.699706 0.225916 0.677771 0.067799 0.923408 -0.377785 0.110753 0.079220 -0.179613 1.396260 -1.186857 0.104334 0.215203 0.215203 0.900000 -0.410000 0.351526 0.351526 0.810000 -0.060000 0.491900 0.491900 0.034907 0.261799 0.122173 0.122173 
1 -0.711207 0.310291 0.630797 -0.699706 -0.225917 -0.677771 -0.067799 -0.923407 0.377786 0.110753 -0.079219 0.179613 1.396260 -1.186857 0.104334 0.215203 0.215203 0.900000 -0.410000 0.351526 0.351526 0.810000 -0.060000 0.491900 0.491900 0.034907 0.261799 0.122173 0.122173 
1 -0.578894 0.344933 0.738852 0.812572 0.168593 0.557946 0.067889 0.923362 -0.377881 0.122801 0.058787 -0.179629 1.396260 -1.186857 0.104334 0.215203 0.215203 0.900000 -0.410000 0.351526 0.351526 0.810000 -0.060000 0.491900 0.491900 0.034907 0.261799 0.122173 0.122173 
1 -0.578894 0.344933 0.738852 -0.812572 -0.168594 -0.557946 -0.067888 -0.923362 0.377881 0.122801 -0.058787 0.179629 1.396260 -1.186857 0.104334 0.215203 0.215203 0.900000 -0.410000 0.351526 0.351526 0.810000 -0.060000 0.491900 0.491900 0.034907 0.261799 0.122173 0.122173 
1 -0.428993 0.369096 0.824459 0.900748 0.106125 0.421178 0.067959 0.923312 -0.377990 0.131119 0.036572 -0.179647 1.396260 -1.186857 0.104334 0.215203 0.215203 0.900000 -0.410000 0.351526 0.351526 0.810000 -0.060000 0.491900 0.491900 0.034907 0.261799 0.122173 0.122173 
1 -0.428993 0.369096 0.824459 -0.900748 -0.106126 -0.421178 -0.067959 -0.923312 0.377990 0.131119 -0.036572 0.179647 1.396260 -1.186857 0.104334 0.215203 0.215203 0.900000 -0.410000 0.351526 0.351526 0.810000 -0.060000 0.491900 0.491900 0.034907 0.261799 0.122173 0.122173 
1 -0.266058 0.382045 0.885017 0.961555 0.040411 0.271623 0.068008 0.923260 -0.378109 0.135453 0.013251 -0.179665 1.396260 -1.186857 0.104334 0.215203 0.215203 0.900000 -0.410000 0.351526 0.351526 0.810000 -0.060000 0.491900 0.491900 0.034907 0.261799 0.122173 0.122173 
1 -0.266058 0.382045 0.885017 -0.961555 -0.040412 -0.271622 -0.068007 -0.923260 0.378109 0.135453 -0.013251 0.179665 1.396260 -1.186857 0.104334 0.215203 0.215203 0.900000 -0.410000 0.351526 0.351526 0.810000 -0.060000 0.491900 0.491900 0.034907 0.261799 0.122173 0.122173 
1 -0.095040 0.383386 0.918685 0.993146 -0.026553 0.113824 0.068033 0.923207 -0.378234 0.135671 -0.010469 -0.179684 1.396260 -1.186857 0.104334 0.215203 0.215203 0.900000 -0.410000 0.351526 0.351526 0.810000 -0.060000 0.491900 0.491900 0.034907 0.261799 0.122173 0.122173 
1 -0.095040 0.383386 0.918685 -0.993146 0.026553 -0.113824 -0.068032 -0.923207 0.378234 0.135671 0.010469 0.179684 1.396260 -1.186857 0.104334 0.215203 0.215203 0.900000 -0.410000 0.351526 0.351526 0.810000 -0.060000 0.491900 0.491900 0.034907 0.261799 0.122173 0.122173 
1 0.078867 0.373078 0.924442 0.994561 -0.092734 -0.047424 0.068034 0.923154 -0.378363 0.131767 -0.033866 -0.179703 1.396260 -1.186857 0.104334 0.215203 0.215203 0.900000 -0.410000 0.351526 0.351526 0.810000 -0.060000 0.491900 0.491900 0.034907 0.261799 0.122173 0.122173 
1 0.078867 0.373078 0.924442 -0.994561 0.092733 0.047424 -0.068033 -0.923154 0.378363 0.131767 0.033866 0.179703 1.396260 -1.186857 0.104334 0.215203 0.215203 0.900000 -0.410000 0.351526 0.351526 0.810000 -0.060000 0.491900 0.491900 0.034907 0.261799 0.122173 0.122173 
1 0.250376 0.351436 0.902111 0.965757 -0.156118 -0.207222 0.068011 0.923103 -0.378490 0.123860 -0.056229 -0.179721 1.396260 -1.186857 0.104334 0.215203 0.215203 0.900000 -0.410000 0.351526 0.351526 0.810000 -0.060000 0.491900 0.491900 0.034907 0.261799 0.122173 0.122173 
1 0.250376 0.351436 0.902111 -0.965757 0.156118 0.207222 -0.068010 -0.923103 0.378490 0.123860 0.056230 0.179721 1.396260 -1.186857 0.104334 0.215203 0.215203 0.900000 -0.410000 0.351526 0.351526 0.810000 -0.060000 0.491900 0.491900 0.034907 0.261799 0.122173 0.122173 
1 0.414279 0.319116 0.852372 0.907609 -0.214782 -0.360715 0.067965 0.923057 -0.378612 0.112190 -0.076881 -0.179737 1.396260 -1.186857 0.104334 0.215203 0.215203 0.900000 -0.410000 0.351526 0.351526 0.810000 -0.060000 0.491900 0.491900 0.034907 0.261799 0.122173 0.122173 
1 0.414279 0.319116 0.852372 -0.907609 0.214782 0.360715 -0.067964 -0.923057 0.378612 0.112190 0.076881 0.179737 1.396260 -1.186857 0.104334 0.215203 0.215203 0.900000 -0.410000 0.351526 0.351526 0.810000 -0.060000 0.491900 0.491900 0.034907 0.261799 0.122173 0.122173 
1 0.565595 0.277100 0.776735 0.821883 -0.266943 -0.503239 0.067896 0.923015 -0.378726 0.097111 -0.095191 -0.179752 1.396260 -1.186857 0.104334 0.215203 0.215203 0.900000 -0.410000 0.351526 0.351526 0.810000 -0.060000 0.491900 0.491900 0.034907 0.261799 0.122173 0.122173 
1 0.565595 0.277100 0.776735 -0.821883 0.266942 0.503239 -0.067896 -0.923015 0.378725 0.097111 0.095192 0.179752 1.396260 -1.186857 0.104334 0.215203 0.215203 0.900000 -0.410000 0.351526 0.351526 0.810000 -0.060000 0.491900 0.491900 0.034907 0.261799 0.122173 0.122173 
1 0.699727 0.226666 0.677499 0.711185 -0.311015 -0.630464 0.067808 0.922980 -0.378827 0.079082 -0.110606 -0.179764 1.396260 -1.186857 0.104334 0.215203 0.215203 0.900000 -0.410000 0.351526 0.351526 0.810000 -0.060000 0.491900 0.491900 0.034907 0.261799 0.122173 0.122173 
1 0.699727 0.226666 0.677499 -0.711185 0.311015 0.630464 -0.067808 -0.922980 0.378827 0.079082 0.110606 0.179764 1.396260 -1.186857 0.104334 0.215203 0.215203 0.900000 -0.410000 0.351526 0.351526 0.810000 -0.060000 0.491900 0.491900 0.034907 0.261799 0.122173 0.122173 
1 0.812599 0.169344 0.557679 0.578878 -0.345661 -0.738525 0.067703 0.922952 -0.378913 0.058649 -0.122655 -0.179774 1.396260 -1.186857 0.104334 0.215203 0.215203 0.900000 -0.410000 0.351526 0.351526 0.810000 -0.060000 0.491900 0.491900 0.034907 0.261799 0.122173 0.122173 
1 0.812599 0.169344 0.557679 -0.578878 0.345660 0.738525 -0.067702 -0.922953 0.378913 0.058649 0.122655 0.179774 1.396260 -1.186857 0.104334 0.215203 0.215203 0.900000 -0.410000 0.351526 0.351526 0.810000 -0.060000 0.491900 0.491900 0.034907 0.261799 0.122173 0.122173 
1 0.900782 0.106878 0.420915 0.428981 -0.369826 -0.824138 0.067583 0.922933 -0.378981 0.036435 -0.130974 -0.179780 1.396260 -1.186857 0.104334 0.215203 0.215203 0.900000 -0.410000 0.351526 0.351526 0.810000 -0.060000 0.491900 0.491900 0.034907 0.261799 0.122173 0.122173 
1 0.900782 0.106878 0.420915 -0.428981 0.369826 0.824138 -0.067583 -0.922933 0.378981 0.036435 0.130974 0.179780 1.396260 -1.186857 0.104334 0.215203 0.215203 0.900000 -0.410000 0.351526 0.351526 0.810000 -0.060000 0.491900 0.491900 0.034907 0.261799 0.122173 0.122173 
1 0.961597 0.041164 0.271362 0.266049 -0.382778 -0.884703 0.067454 0.922923 -0.379029 0.013114 -0.135309 -0.179784 1.396260 -1.186857 0.104334 0.215203 0.215203 0.900000 -0.410000 0.351526 0.351526 0.810000 -0.060000 0.491900 0.491900 0.034907 0.261799 0.122173 0.122173 
1 0.961597 0.041164 0.271362 -0.266049 0.382777 0.884703 -0.067454 -0.922923 0.379029 0.013114 0.135309 0.179784 1.396260 -1.186857 0.104334 0.215203 0.215203 0.900000 -0.410000 0.351526 0.351526 0.810000 -0.060000 0.491900 0.491900 0.034907 0.261799 0.122173 0.122173 
1 0.993195 -0.025801 0.113565 0.095032 -0.384122 -0.918379 0.067318 0.922922 -0.379056 -0.010605 -0.135528 -0.179784 1.396260 -1.186857 0.104334 0.215203 0.215203 0.900000 -0.410000 0.351526 0.351526 0.810000 -0.060000 0.491900 0.491900 0.034907 0.261799 0.122173 0.122173 
1 0.993195 -0.025801 0.113565 -0.095032 0.384121 0.918379 -0.067317 -0.922922 0.379056 -0.010605 0.135528 0.179784 1.396260 -1.186857 0.104334 0.215203 0.215203 0.900000 -0.410000 0.351526 0.351526 0.810000 -0.060000 0.491900 0.491900 0.034907 0.261799 0.122173 0.122173 
1 0.994618 -0.091981 -0.047683 -0.078874 -0.373818 -0.924142 0.067179 0.922930 -0.379061 -0.034003 -0.131626 -0.179781 1.396260 -1.186857 0.104334 0.215203 0.215203 0.900000 -0.410000 0.351526 0.351526 0.810000 -0.060000 0.491900 0.491900 0.034907 0.261799 0.122173 0.122173 
1 0.994618 -0.091981 -0.047683 0.078874 0.373817 0.924143 -0.067179 -0.922930 0.379060 -0.034003 0.131626 0.179781 1.396260 -1.186857 0.104334 0.215203 0.215203 0.900000 -0.410000 0.351526 0.351526 0.810000 -0.060000 0.491900 0.491900 0.034907 0.261799 0.122173 0.122173 
1 0.965822 -0.155367 -0.207481 -0.250385 -0.352178 -0.901819 0.067042 0.922947 -0.379043 -0.056367 -0.123720 -0.179774 1.396260 -1.186857 0.104334 0.215203 0.215203 0.900000 -0.410000 0.351526 0.351526 0.810000 -0.060000 0.491900 0.491900 0.034907 0.261799 0.122173 0.122173 
1 0.965822 -0.155367 -0.207481 0.250385 0.352178 0.901819 -0.067043 -0.922947 0.379042 -0.056367 0.123720 0.179774 1.396260 -1.186857 0.104334 0.215203 0.215203 0.900000 -0.410000 0.351526 0.351526 0.810000 -0.060000 0.491900 0.491900 0.034907 0.261799 0.122173 0.122173 
1 0.907682 -0.214032 -0.360977 -0.414291 -0.319861 -0.852087 0.066912 0.922973 -0.379003 -0.077018 -0.112050 -0.179765 1.396260 -1.186857 0.104334 0.215203 0.215203 0.900000 -0.410000 0.351526 0.351526 0.810000 -0.060000 0.491900 0.491900 0.034907 0.261799 0.122173 0.122173 
1 0.907682 -0.214032 -0.360977 0.414291 0.319860 0.852087 -0.066912 -0.922973 0.379003 -0.077018 0.112050 0.179765 1.396260 -1.186857 0.104334 0.215203 0.215203 0.900000 -0.410000 0.351526 0.351526 0.810000 -0.060000 0.491900 0.491900 0.034907 0.261799 0.122173 0.122173 
1 0.821963 -0.266195 -0.503504 -0.565610 -0.277848 -0.776457 0.066791 0.923006 -0.378943 -0.095330 -0.096972 -0.179753 1.396260 -1.186857 0.104334 0.215203 0.215203 0.900000 -0.410000 0.351526 0.351526 0.810000 -0.060000 0.491900 0.491900 0.034907 0.261799 0.122173 0.122173 
1 0.821963 -0.266195 -0.503504 0.565610 0.277847 0.776457 -0.066792 -0.923007 0.378943 -0.095330 0.096972 0.179753 1.396260 -1.186857 0.104334 0.215203 0.215203 0.900000 -0.410000 0.351526 0.351526 0.810000 -0.060000 0.491900 0.491900 0.034907 0.261799 0.122173 0.122173 
1 0.711272 -0.310270 -0.630734 -0.699747 -0.227415 -0.677227 0.066685 0.923047 -0.378864 -0.110745 -0.078944 -0.179739 1.396260 -1.186857 0.104334 0.215203 0.215203 0.900000 -0.410000 0.351526 0.351526 0.810000 -0.060000 0.491900 0.491900 0.034907 0.261799 0.122173 0.122173 
1 0.711272 -0.310270 -0.630734 0.699747 0.227414 0.677227 -0.066685 -0.923047 0.378864 -0.110745 0.078944 0.179739 1.396260 -1.186857 0.104334 0.215203 0.215203 0.900000 -0.410000 0.351526 0.351526 0.810000 -0.060000 0.491900 0.491900 0.034907 0.261799 0.122173 0.122173 
1 0.578969 -0.344918 -0.738801 -0.812625 -0.170095 -0.557412 0.066595 0.923092 -0.378769 -0.122796 -0.058512 -0.179723 1.396260 -1.186857 0.104334 0.215203 0.215203 0.900000 -0.410000 0.351526 0.351526 0.810000 -0.060000 0.491900 0.491900 0.034907 0.261799 0.122173 0.122173 
1 0.578969 -0.344918 -0.738801 0.812625 0.170095 0.557412 -0.066595 -0.923092 0.378768 -0.122796 0.058512 0.179722 1.396260 -1.186857 0.104334 0.215203 0.215203 0.900000 -0.410000 0.351526 0.351526 0.810000 -0.060000 0.491900 0.491900 0.034907 0.261799 0.122173 0.122173 
1 0.429077 -0.369086 -0.824420 -0.900815 -0.107630 -0.420652 0.066525 0.923142 -0.378660 -0.131115 -0.036298 -0.179705 1.396260 -1.186857 0.104334 0.215203 0.215203 0.900000 -0.410000 0.351526 0.351526 0.810000 -0.060000 0.491900 0.491900 0.034907 0.261799 0.122173 0.122173 
1 0.429077 -0.369086 -0.824420 0.900815 0.107629 0.420652 -0.066525 -0.923142 0.378660 -0.131115 0.036298 0.179705 1.396260 -1.186857 0.104334 0.215203 0.215203 0.900000 -0.410000 0.351526 0.351526 0.810000 -0.060000 0.491900 0.491900 0.034907 0.261799 0.122173 0.122173 
1 0.266147 -0.382041 -0.884992 -0.961637 -0.041917 -0.271102 0.066476 0.923194 -0.378541 -0.135451 -0.012977 -0.179686 1.396260 -1.186857 0.104334 0.215203 0.215203 0.900000 -0.410000 0.351526 0.351526 0.810000 -0.060000 0.491900 0.491900 0.034907 0.261799 0.122173 0.122173 
1 0.266147 -0.382041 -0.884992 0.961637 0.041916 0.271102 -0.066477 -0.923194 0.378541 -0.135451 0.012978 0.179686 1.396260 -1.186857 0.104334 0.215203 0.215203 0.900000 -0.410000 0.351526 0.351526 0.810000 -0.060000 0.491900 0.491900 0.034907 0.261799 0.122173 0.122173 
1 0.095132 -0.383388 -0.918675 -0.993244 0.025048 -0.113306 0.066451 0.923248 -0.378415 -0.135672 0.010742 -0.179667 1.396260 -1.186857 0.104334 0.215203 0.215203 0.900000 -0.410000 0.351526 0.351526 0.810000 -0.060000 0.491900 0.491900 0.034907 0.261799 0.122173 0.122173 
1 0.095132 -0.383388 -0.918675 0.993244 -0.025048 0.113307 -0.066452 -0.923248 0.378415 -0.135672 -0.010742 0.179667 1.396260 -1.186857 0.104334 0.215203 0.215203 0.900000 -0.410000 0.351526 0.351526 0.810000 -0.060000 0.491900 0.491900 0.034907 0.261799 0.122173 0.122173 
