1 0.00160201 0.659665 -0.751558 0.00650666 0.751536 0.65966 0.999978 -0.00594691 -0.00308824 -0.190307 0.0698364 0.010593 1.5708 -1.03825 0.0612934 0.332473 0.332473 0.653416 -0.263309 0.34508 0.34508 0.343414 0.012749 0.424826 0.424826 0.239259 0.273448 0.555934 0.555934 
1 0.000586115 0.519144 -0.854686 0.00669809 0.854665 0.519136 0.999977 -0.00602904 -0.00297634 -0.199541 0.0357302 0.0106202 1.5708 -1.03825 0.0612934 0.332473 0.332473 0.653416 -0.263309 0.34508 0.34508 0.343414 0.012749 0.424826 0.424826 0.239259 0.273448 0.555934 0.555934 
1 -0.000447591 0.36285 -0.931847 0.0067102 0.931827 0.362839 0.999977 -0.00609048 -0.00285188 -0.202712 0.000538661 0.0106482 1.5708 -1.03825 0.0612934 0.332473 0.332473 0.653416 -0.263309 0.34508 0.34508 0.343414 0.012749 0.424826 0.424826 0.239259 0.273448 0.555934 0.555934 
1 -0.0014677 0.195532 -0.980696 0.00654264 0.980678 0.195519 0.999978 -0.00612938 -0.00271864 -0.199725 -0.034669 0.0106762 1.5708 -1.03825 0.0612934 0.332473 0.332473 0.653416 -0.263309 0.34508 0.34508 0.343414 0.012749 0.424826 0.424826 0.239259 0.273448 0.555934 0.555934 
1 -0.00244321 0.0222728 -0.999749 0.00620049 0.999733 0.0222573 0.999978 -0.00614456 -0.00258066 -0.190669 -0.068823 0.0107034 1.5708 -1.03825 0.0612934 0.332473 0.332473 0.653416 -0.263309 0.34508 0.34508 0.343414 0.012749 0.424826 0.424826 0.239259 0.273448 0.555934 0.555934 
1 -0.0033445 -0.151663 -0.988427 0.00569415 0.988413 -0.15168 0.999978 -0.00613554 -0.00244215 -0.175821 -0.100886 0.010729 1.5708 -1.03825 0.0612934 0.332473 0.332473 0.653416 -0.263309 0.34508 0.34508 0.343414 0.012749 0.424826 0.424826 0.239259 0.273448 0.555934 0.555934 
1 -0.00414417 -0.320991 -0.947073 0.005039 0.947063 -0.321009 0.999979 -0.00610261 -0.00230731 -0.15563 -0.129883 0.0107521 1.5708 -1.03825 0.0612934 0.332473 0.332473 0.653416 -0.263309 0.34508 0.34508 0.343414 0.012749 0.424826 0.424826 0.239259 0.273448 0.555934 0.555934 
1 -0.00481792 -0.480566 -0.876945 0.00425494 0.876937 -0.480586 0.999979 -0.00604677 -0.00218024 -0.130711 -0.154934 0.010772 1.5708 -1.03825 0.0612934 0.332473 0.332473 0.653416 -0.263309 0.34508 0.34508 0.343414 0.012749 0.424826 0.424826 0.239259 0.273448 0.555934 0.555934 
1 -0.0053453 -0.625541 -0.780173 0.0033658 0.780169 -0.62556 0.99998 -0.00596971 -0.00206479 -0.101821 -0.175277 0.0107882 1.5708 -1.03825 0.0612934 0.332473 0.332473 0.653416 -0.263309 0.34508 0.34508 0.343414 0.012749 0.424826 0.424826 0.239259 0.273448 0.555934 0.555934 
1 -0.00571027 -0.75151 -0.659697 0.00239859 0.659696 -0.751529 0.999981 -0.00587378 -0.00196448 -0.0698368 -0.190295 0.0108002 1.5708 -1.03825 0.0612934 0.332473 0.332473 0.653416 -0.263309 0.34508 0.34508 0.343414 0.012749 0.424826 0.424826 0.239259 0.273448 0.555934 0.555934 
1 -0.00590175 -0.854646 -0.519178 0.0013827 0.51918 -0.854664 0.999982 -0.00576188 -0.00188235 -0.035731 -0.199531 0.0108075 1.5708 -1.03825 0.0612934 0.332473 0.332473 0.653416 -0.263309 0.34508 0.34508 0.343414 0.012749 0.424826 0.424826 0.239259 0.273448 0.555934 0.555934 
1 -0.00591391 -0.931815 -0.362885 0.000348996 0.362889 -0.931832 0.999982 -0.00563742 -0.0018209 -0.000539572 -0.202704 0.01081 1.5708 -1.03825 0.0612934 0.332473 0.332473 0.653416 -0.263309 0.34508 0.34508 0.343414 0.012749 0.424826 0.424826 0.239259 0.273448 0.555934 0.555934 
1 -0.0057464 -0.980674 -0.195566 -0.000671119 0.195573 -0.980689 0.999983 -0.00550418 -0.00178199 0.0346682 -0.199718 0.0108077 1.5708 -1.03825 0.0612934 0.332473 0.332473 0.653416 -0.263309 0.34508 0.34508 0.343414 0.012749 0.424826 0.424826 0.239259 0.273448 0.555934 0.555934 
1 -0.0054043 -0.999737 -0.0223057 -0.00164665 0.0223149 -0.99975 0.999984 -0.00536621 -0.00176681 0.0688227 -0.190664 0.0108005 1.5708 -1.03825 0.0612934 0.332473 0.332473 0.653416 -0.263309 0.34508 0.34508 0.343414 0.012749 0.424826 0.424826 0.239259 0.273448 0.555934 0.555934 
1 -0.00489799 -0.988425 0.151633 -0.00254796 -0.151621 -0.988435 0.999985 -0.0052277 -0.00177582 0.100886 -0.175817 0.0107886 1.5708 -1.03825 0.0612934 0.332473 0.332473 0.653416 -0.263309 0.34508 0.34508 0.343414 0.012749 0.424826 0.424826 0.239259 0.273448 0.555934 0.555934 
1 -0.00424288 -0.947082 0.320964 -0.00334765 -0.320951 -0.94709 0.999985 -0.00509286 -0.00180875 0.129884 -0.155628 0.0107726 1.5708 -1.03825 0.0612934 0.332473 0.332473 0.653416 -0.263309 0.34508 0.34508 0.343414 0.012749 0.424826 0.424826 0.239259 0.273448 0.555934 0.555934 
1 -0.00345885 -0.876964 0.480543 -0.00402145 -0.48053 -0.876969 0.999986 -0.00496578 -0.00186459 0.154936 -0.13071 0.0107527 1.5708 -1.03825 0.0612934 0.332473 0.332473 0.653416 -0.263309 0.34508 0.34508 0.343414 0.012749 0.424826 0.424826 0.239259 0.273448 0.555934 0.555934 
1 -0.00256973 -0.780202 0.625522 -0.00454887 -0.625509 -0.780204 0.999986 -0.00485033 -0.00194164 0.175281 -0.10182 0.0107297 1.5708 -1.03825 0.0612934 0.332473 0.332473 0.653416 -0.263309 0.34508 0.34508 0.343414 0.012749 0.424826 0.424826 0.239259 0.273448 0.555934 0.555934 
1 -0.00160254 -0.659735 0.751497 -0.00491388 -0.751483 -0.659734 0.999987 -0.00475002 -0.00203758 0.1903 -0.0698371 0.0107042 1.5708 -1.03825 0.0612934 0.332473 0.332473 0.653416 -0.263309 0.34508 0.34508 0.343414 0.012749 0.424826 0.424826 0.239259 0.273448 0.555934 0.555934 
1 -0.000586662 -0.519224 0.854638 -0.00510541 -0.854626 -0.51922 0.999987 -0.00466788 -0.00214947 0.199538 -0.0357317 0.0106771 1.5708 -1.03825 0.0612934 0.332473 0.332473 0.653416 -0.263309 0.34508 0.34508 0.343414 0.012749 0.424826 0.424826 0.239259 0.273448 0.555934 0.555934 
1 0.000447043 -0.362937 0.931814 -0.00511762 -0.931802 -0.36293 0.999987 -0.00460642 -0.00227393 0.202712 -0.000540483 0.0106491 1.5708 -1.03825 0.0612934 0.332473 0.332473 0.653416 -0.263309 0.34508 0.34508 0.343414 0.012749 0.424826 0.424826 0.239259 0.273448 0.555934 0.555934 
1 0.00146717 -0.195623 0.980678 -0.00495015 -0.980669 -0.195614 0.999987 -0.00456751 -0.00240717 0.199728 0.0346674 0.010621 1.5708 -1.03825 0.0612934 0.332473 0.332473 0.653416 -0.263309 0.34508 0.34508 0.343414 0.012749 0.424826 0.424826 0.239259 0.273448 0.555934 0.555934 
1 0.00244271 -0.0223655 0.999747 -0.00460809 -0.999739 -0.022354 0.999986 -0.00455232 -0.00254514 0.190676 0.0688223 0.0105938 1.5708 -1.03825 0.0612934 0.332473 0.332473 0.653416 -0.263309 0.34508 0.34508 0.343414 0.012749 0.424826 0.424826 0.239259 0.273448 0.555934 0.555934 
1 0.00334404 0.151571 0.988441 -0.00410183 -0.988436 0.151585 0.999986 -0.00456132 -0.00268365 0.17583 0.100886 0.0105683 1.5708 -1.03825 0.0612934 0.332473 0.332473 0.653416 -0.263309 0.34508 0.34508 0.343414 0.012749 0.424826 0.424826 0.239259 0.273448 0.555934 0.555934 
1 0.00414377 0.320903 0.947103 -0.00344675 -0.947101 0.320918 0.999985 -0.00459424 -0.00281849 0.155642 0.129886 0.0105452 1.5708 -1.03825 0.0612934 0.332473 0.332473 0.653416 -0.263309 0.34508 0.34508 0.343414 0.012749 0.424826 0.424826 0.239259 0.273448 0.555934 0.555934 
1 0.0048176 0.480485 0.87699 -0.00266276 -0.876991 0.4805 0.999985 -0.00465007 -0.00294557 0.130725 0.154939 0.0105252 1.5708 -1.03825 0.0612934 0.332473 0.332473 0.653416 -0.263309 0.34508 0.34508 0.343414 0.012749 0.424826 0.424826 0.239259 0.273448 0.555934 0.555934 
1 0.00534506 0.625469 0.780231 -0.00177367 -0.780235 0.625484 0.999984 -0.00472712 -0.00306103 0.101837 0.175285 0.010509 1.5708 -1.03825 0.0612934 0.332473 0.332473 0.653416 -0.263309 0.34508 0.34508 0.343414 0.012749 0.424826 0.424826 0.239259 0.273448 0.555934 0.555934 
1 0.00571012 0.751449 0.659767 -0.000806494 -0.659774 0.751464 0.999983 -0.00482305 -0.00316135 0.0698544 0.190305 0.0104971 1.5708 -1.03825 0.0612934 0.332473 0.332473 0.653416 -0.263309 0.34508 0.34508 0.343414 0.012749 0.424826 0.424826 0.239259 0.273448 0.555934 0.555934 
1 0.00590169 0.854598 0.519257 0.000209377 -0.519267 0.854612 0.999983 -0.00493494 -0.00324349 0.0357495 0.199544 0.0104897 1.5708 -1.03825 0.0612934 0.332473 0.332473 0.653416 -0.263309 0.34508 0.34508 0.343414 0.012749 0.424826 0.424826 0.239259 0.273448 0.555934 0.555934 
1 0.00591396 0.931782 0.362971 0.00124308 -0.362984 0.931795 0.999982 -0.00505939 -0.00330495 0.000558354 0.202721 0.0104872 1.5708 -1.03825 0.0612934 0.332473 0.332473 0.653416 -0.263309 0.34508 0.34508 0.343414 0.012749 0.424826 0.424826 0.239259 0.273448 0.555934 0.555934 
1 0.00574654 0.980656 0.195657 0.00226321 -0.195673 0.980667 0.999981 -0.00519262 -0.00334387 -0.0346497 0.199738 0.0104896 1.5708 -1.03825 0.0612934 0.332473 0.332473 0.653416 -0.263309 0.34508 0.34508 0.343414 0.012749 0.424826 0.424826 0.239259 0.273448 0.555934 0.555934 
1 0.00540452 0.999735 0.0223983 0.00323877 -0.022416 0.999743 0.99998 -0.00533059 -0.00335906 -0.068805 0.190687 0.0104968 1.5708 -1.03825 0.0612934 0.332473 0.332473 0.653416 -0.263309 0.34508 0.34508 0.343414 0.012749 0.424826 0.424826 0.239259 0.273448 0.555934 0.555934 
1 0.0048983 0.988439 -0.151541 0.00414013 0.151521 0.988445 0.999979 -0.0054691 -0.00335007 -0.10087 0.175843 0.0105086 1.5708 -1.03825 0.0612934 0.332473 0.332473 0.653416 -0.263309 0.34508 0.34508 0.343414 0.012749 0.424826 0.424826 0.239259 0.273448 0.555934 0.555934 
1 0.00424326 0.947112 -0.320876 0.00493989 0.320855 0.947115 0.999979 -0.00560395 -0.00331715 -0.12987 0.155657 0.0105247 1.5708 -1.03825 0.0612934 0.332473 0.332473 0.653416 -0.263309 0.34508 0.34508 0.343414 0.012749 0.424826 0.424826 0.239259 0.273448 0.555934 0.555934 
1 0.0034593 0.877009 -0.480462 0.00561375 0.48044 0.87701 0.999978 -0.00573103 -0.00326133 -0.154924 0.130741 0.0105445 1.5708 -1.03825 0.0612934 0.332473 0.332473 0.653416 -0.263309 0.34508 0.34508 0.343414 0.012749 0.424826 0.424826 0.239259 0.273448 0.555934 0.555934 
1 0.00257023 0.78026 -0.62545 0.00614125 0.625428 0.780258 0.999978 -0.00584649 -0.00318428 -0.175272 0.101854 0.0105675 1.5708 -1.03825 0.0612934 0.332473 0.332473 0.653416 -0.263309 0.34508 0.34508 0.343414 0.012749 0.424826 0.424826 0.239259 0.273448 0.555934 0.555934 
1 0.00160307 0.659805 -0.751435 0.00650636 0.751414 0.659799 0.999978 -0.00594681 -0.00308836 -0.190294 0.0698717 0.010593 1.5708 -1.03825 0.0612934 0.332473 0.332473 0.653416 -0.263309 0.34508 0.34508 0.343414 0.012749 0.424826 0.424826 0.239259 0.273448 0.555934 0.555934 
