1 -0.0176017 0.313028 0.949581 -0.997437 0.0603802 -0.038393 -0.069354 -0.947823 0.311163 0.132832 -0.0100648 0.153548 1.57 -0.990047 0.137787 0 0 0.894314 -0.137254 0.337714 0.337714 0.992203 -0.0050812 0.16757 0.16757 0.862612 0.14605 0.35622 0.35622 
1 -0.0176017 -0.313028 -0.949581 -0.997437 -0.0603802 0.038393 -0.069354 0.947823 -0.311163 -0.139635 0.0269075 -0.154337 1.57 -1.01439 0.112989 0.141646 0.141646 0.781976 -0.127894 0.373214 0.373214 0.845954 -0.0119673 0.27266 0.27266 0.786845 0.151971 0.368921 0.368921 
1 0.0176017 0.277821 0.960472 0.997437 -0.0715123 0.00240612 0.069354 0.957967 -0.278367 0.14316 0.00894287 -0.150001 1.57 -1.0472 0.12384 0.175562 0.175562 0.860737 -0.146614 0.264721 0.264721 0.93076 0.00725495 0.160158 0.160158 0.912338 0.14499 0.213439 0.213439 
1 0.0176017 -0.277821 -0.960472 0.997437 0.0715123 -0.00240612 0.069354 -0.957967 0.278367 -0.144108 -0.026378 0.148601 1.57 -1.02555 0.10317 0.129802 0.129802 0.777927 -0.153867 0.40937 0.40937 0.843575 -0.0015857 0.285604 0.285604 0.903096 0.153903 0.239222 0.239222 
