1 0.0897302 0.939517 -0.33054 -0.0182401 0.333373 0.942619 0.995799 -0.0785522 0.0470505 -0.160824 0.136937 0.0387079 1.5708 -1.04529 0.0346311 0 0 0.732487 -0.27773 0.484284 0.484284 0.604804 -0.000436234 0.408154 0.408154 0.663574 0.272949 0.351249 0.351249 
1 0.091672 0.867346 -0.489191 -0.00236994 0.491448 0.870904 0.995786 -0.0786781 0.0471076 -0.182153 0.106931 0.0387318 1.5708 -1.04529 0.0346311 0 0 0.732487 -0.27773 0.484284 0.484284 0.604804 -0.000436234 0.408154 0.408154 0.663574 0.272949 0.351249 0.351249 
1 0.0908286 0.768822 -0.632979 0.0135963 0.63459 0.772729 0.995774 -0.0787921 0.0471858 -0.197949 0.0736772 0.0387583 1.5708 -1.04529 0.0346311 0 0 0.732487 -0.27773 0.484284 0.484284 0.604804 -0.000436234 0.408154 0.408154 0.663574 0.272949 0.351249 0.351249 
1 0.0872256 0.646939 -0.757536 0.0291736 0.758449 0.651079 0.995761 -0.0788907 0.0472827 -0.20773 0.038186 0.0387865 1.5708 -1.04529 0.0346311 0 0 0.732487 -0.27773 0.484284 0.484284 0.604804 -0.000436234 0.408154 0.408154 0.663574 0.272949 0.351249 0.351249 
1 0.0809724 0.505401 -0.859077 0.0438886 0.859263 0.509647 0.99575 -0.078971 0.0473953 -0.211199 0.00153559 0.0388157 1.5708 -1.04529 0.0346311 0 0 0.732487 -0.27773 0.484284 0.484284 0.604804 -0.000436234 0.408154 0.408154 0.663574 0.272949 0.351249 0.351249 
1 0.0722591 0.348507 -0.934517 0.0572942 0.933968 0.352733 0.995739 -0.0790305 0.0475202 -0.208252 -0.0351606 0.0388449 1.5708 -1.04529 0.0346311 0 0 0.732487 -0.27773 0.484284 0.484284 0.604804 -0.000436234 0.408154 0.408154 0.663574 0.272949 0.351249 0.351249 
1 0.0613503 0.181025 -0.981563 0.0689831 0.980295 0.185103 0.99573 -0.0790674 0.0476537 -0.198978 -0.0707875 0.0388733 1.5708 -1.04529 0.0346311 0 0 0.732487 -0.27773 0.484284 0.484284 0.604804 -0.000436234 0.408154 0.408154 0.663574 0.272949 0.351249 0.351249 
1 0.0485776 0.00804274 -0.998787 0.0786003 0.996836 0.0118499 0.995722 -0.0790806 0.0477917 -0.183658 -0.104263 0.0389 1.5708 -1.04529 0.0346311 0 0 0.732487 -0.27773 0.484284 0.484284 0.604804 -0.000436234 0.408154 0.408154 0.663574 0.272949 0.351249 0.351249 
1 0.0343289 -0.165184 -0.985665 0.0858534 0.983088 -0.161762 0.995716 -0.0790696 0.04793 -0.162758 -0.134569 0.0389241 1.5708 -1.04529 0.0346311 0 0 0.732487 -0.27773 0.484284 0.484284 0.604804 -0.000436234 0.408154 0.408154 0.663574 0.272949 0.351249 0.351249 
1 0.0190372 -0.333392 -0.942596 0.0905222 0.93947 -0.330458 0.995712 -0.0790349 0.0480643 -0.136913 -0.160786 0.038945 1.5708 -1.04529 0.0346311 0 0 0.732487 -0.27773 0.484284 0.484284 0.604804 -0.000436234 0.408154 0.408154 0.663574 0.272949 0.351249 0.351249 
1 0.00316716 -0.491471 -0.870888 0.0924648 0.867306 -0.489113 0.995711 -0.0789774 0.0481906 -0.106908 -0.182117 0.038962 1.5708 -1.04529 0.0346311 0 0 0.732487 -0.27773 0.484284 0.484284 0.604804 -0.000436234 0.408154 0.408154 0.663574 0.272949 0.351249 0.351249 
1 -0.0127991 -0.634617 -0.772721 0.0916221 0.768789 -0.632905 0.995712 -0.078899 0.0483051 -0.0736555 -0.197914 0.0389745 1.5708 -1.04529 0.0346311 0 0 0.732487 -0.27773 0.484284 0.484284 0.604804 -0.000436234 0.408154 0.408154 0.663574 0.272949 0.351249 0.351249 
1 -0.0283766 -0.758482 -0.651076 0.0880198 0.646912 -0.757468 0.995714 -0.0788019 0.0484043 -0.0381648 -0.207697 0.0389823 1.5708 -1.04529 0.0346311 0 0 0.732487 -0.27773 0.484284 0.484284 0.604804 -0.000436234 0.408154 0.408154 0.663574 0.272949 0.351249 0.351249 
1 -0.0430918 -0.859302 -0.509649 0.0817674 0.505378 -0.859015 0.995719 -0.0786892 0.0484852 -0.00151446 -0.211168 0.0389851 1.5708 -1.04529 0.0346311 0 0 0.732487 -0.27773 0.484284 0.484284 0.604804 -0.000436234 0.408154 0.408154 0.663574 0.272949 0.351249 0.351249 
1 -0.0564979 -0.934015 -0.352738 0.0730546 0.348488 -0.934462 0.995726 -0.0785643 0.0485453 0.0351818 -0.208223 0.0389828 1.5708 -1.04529 0.0346311 0 0 0.732487 -0.27773 0.484284 0.484284 0.604804 -0.000436234 0.408154 0.408154 0.663574 0.272949 0.351249 0.351249 
1 -0.0681873 -0.980349 -0.18511 0.0621464 0.181008 -0.981516 0.995735 -0.0784309 0.0485827 0.0708092 -0.19895 0.0389754 1.5708 -1.04529 0.0346311 0 0 0.732487 -0.27773 0.484284 0.484284 0.604804 -0.000436234 0.408154 0.408154 0.663574 0.272949 0.351249 0.351249 
1 -0.0778051 -0.996898 -0.0118581 0.0493741 0.00802658 -0.998748 0.995745 -0.0782932 0.0485965 0.104285 -0.183632 0.0389632 1.5708 -1.04529 0.0346311 0 0 0.732487 -0.27773 0.484284 0.484284 0.604804 -0.000436234 0.408154 0.408154 0.663574 0.272949 0.351249 0.351249 
1 -0.0850589 -0.983158 0.161754 0.0351258 -0.165201 -0.985634 0.995757 -0.0781552 0.048586 0.134593 -0.162733 0.0389465 1.5708 -1.04529 0.0346311 0 0 0.732487 -0.27773 0.484284 0.484284 0.604804 -0.000436234 0.408154 0.408154 0.663574 0.272949 0.351249 0.351249 
1 -0.0897284 -0.939548 0.330452 0.0198344 -0.333411 -0.942573 0.995769 -0.0780213 0.0485517 0.160811 -0.13689 0.038926 1.5708 -1.04529 0.0346311 0 0 0.732487 -0.27773 0.484284 0.484284 0.604804 -0.000436234 0.408154 0.408154 0.663574 0.272949 0.351249 0.351249 
1 -0.0916717 -0.867391 0.48911 0.00396437 -0.491493 -0.870873 0.995781 -0.0778954 0.0484946 0.182143 -0.106886 0.0389021 1.5708 -1.04529 0.0346311 0 0 0.732487 -0.27773 0.484284 0.484284 0.604804 -0.000436234 0.408154 0.408154 0.663574 0.272949 0.351249 0.351249 
1 -0.0908298 -0.768881 0.632908 -0.012002 -0.634644 -0.772712 0.995794 -0.0777814 0.0484165 0.197942 -0.0736337 0.0388756 1.5708 -1.04529 0.0346311 0 0 0.732487 -0.27773 0.484284 0.484284 0.604804 -0.000436234 0.408154 0.408154 0.663574 0.272949 0.351249 0.351249 
1 -0.0872282 -0.64701 0.757476 -0.0275796 -0.758514 -0.651073 0.995807 -0.0776828 0.0483196 0.207726 -0.0381435 0.0388473 1.5708 -1.04529 0.0346311 0 0 0.732487 -0.27773 0.484284 0.484284 0.604804 -0.000436234 0.408154 0.408154 0.663574 0.272949 0.351249 0.351249 
1 -0.0809764 -0.505481 0.85903 -0.0422951 -0.859341 -0.509651 0.995818 -0.0776025 0.048207 0.211199 -0.00149333 0.0388181 1.5708 -1.04529 0.0346311 0 0 0.732487 -0.27773 0.484284 0.484284 0.604804 -0.000436234 0.408154 0.408154 0.663574 0.272949 0.351249 0.351249 
1 -0.0722643 -0.348594 0.934484 -0.0557015 -0.934061 -0.352744 0.995829 -0.077543 0.048082 0.208256 0.0352031 0.0387889 1.5708 -1.04529 0.0346311 0 0 0.732487 -0.27773 0.484284 0.484284 0.604804 -0.000436234 0.408154 0.408154 0.663574 0.272949 0.351249 0.351249 
1 -0.0613566 -0.181116 0.981546 -0.0673915 -0.980403 -0.185118 0.995838 -0.0775061 0.0479486 0.198984 0.0708309 0.0387605 1.5708 -1.04529 0.0346311 0 0 0.732487 -0.27773 0.484284 0.484284 0.604804 -0.000436234 0.408154 0.408154 0.663574 0.272949 0.351249 0.351249 
1 -0.0485848 -0.0081351 0.998786 -0.0770098 -0.99696 -0.0118663 0.995846 -0.0774929 0.0478106 0.183668 0.104308 0.0387339 1.5708 -1.04529 0.0346311 0 0 0.732487 -0.27773 0.484284 0.484284 0.604804 -0.000436234 0.408154 0.408154 0.663574 0.272949 0.351249 0.351249 
1 -0.0343368 0.165093 0.98568 -0.0842643 -0.983228 0.161747 0.995852 -0.0775038 0.0476723 0.162771 0.134616 0.0387097 1.5708 -1.04529 0.0346311 0 0 0.732487 -0.27773 0.484284 0.484284 0.604804 -0.000436234 0.408154 0.408154 0.663574 0.272949 0.351249 0.351249 
1 -0.0190455 0.333305 0.942627 -0.0889345 -0.939625 0.330447 0.995855 -0.0775385 0.047538 0.136928 0.160836 0.0386889 1.5708 -1.04529 0.0346311 0 0 0.732487 -0.27773 0.484284 0.484284 0.604804 -0.000436234 0.408154 0.408154 0.663574 0.272949 0.351249 0.351249 
1 -0.00317565 0.49139 0.870934 -0.0908786 -0.867476 0.489108 0.995857 -0.077596 0.0474116 0.106925 0.182169 0.0386719 1.5708 -1.04529 0.0346311 0 0 0.732487 -0.27773 0.484284 0.484284 0.604804 -0.000436234 0.408154 0.408154 0.663574 0.272949 0.351249 0.351249 
1 0.0127907 0.634546 0.772779 -0.0900374 -0.768972 0.63291 0.995856 -0.0776744 0.0472971 0.0736738 0.197969 0.0386593 1.5708 -1.04529 0.0346311 0 0 0.732487 -0.27773 0.484284 0.484284 0.604804 -0.000436234 0.408154 0.408154 0.663574 0.272949 0.351249 0.351249 
1 0.0283685 0.758422 0.651146 -0.0864365 -0.647107 0.757484 0.995853 -0.0777715 0.0471979 0.038184 0.207755 0.0386515 1.5708 -1.04529 0.0346311 0 0 0.732487 -0.27773 0.484284 0.484284 0.604804 -0.000436234 0.408154 0.408154 0.663574 0.272949 0.351249 0.351249 
1 0.0430843 0.859256 0.509729 -0.0801854 -0.505583 0.859044 0.995848 -0.0778842 0.0471171 0.00153403 0.21123 0.0386487 1.5708 -1.04529 0.0346311 0 0 0.732487 -0.27773 0.484284 0.484284 0.604804 -0.000436234 0.408154 0.408154 0.663574 0.272949 0.351249 0.351249 
1 0.0564912 0.933982 0.352825 -0.0714739 -0.348699 0.934505 0.995841 -0.0780091 0.047057 -0.0351626 0.208288 0.0386511 1.5708 -1.04529 0.0346311 0 0 0.732487 -0.27773 0.484284 0.484284 0.604804 -0.000436234 0.408154 0.408154 0.663574 0.272949 0.351249 0.351249 
1 0.0681817 0.980332 0.185201 -0.0605668 -0.181224 0.981575 0.995833 -0.0781425 0.0470195 -0.0707908 0.199019 0.0386585 1.5708 -1.04529 0.0346311 0 0 0.732487 -0.27773 0.484284 0.484284 0.604804 -0.000436234 0.408154 0.408154 0.663574 0.272949 0.351249 0.351249 
1 0.0778006 0.996897 0.0119506 -0.0477954 -0.00824363 0.998823 0.995823 -0.0782802 0.0470057 -0.104268 0.183703 0.0386707 1.5708 -1.04529 0.0346311 0 0 0.732487 -0.27773 0.484284 0.484284 0.604804 -0.000436234 0.408154 0.408154 0.663574 0.272949 0.351249 0.351249 
1 0.0850557 0.983174 -0.161663 -0.0335477 0.164985 0.985725 0.995811 -0.0784182 0.0470162 -0.134578 0.162808 0.0386873 1.5708 -1.04529 0.0346311 0 0 0.732487 -0.27773 0.484284 0.484284 0.604804 -0.000436234 0.408154 0.408154 0.663574 0.272949 0.351249 0.351249 
1 0.0897266 0.939579 -0.330365 -0.0182567 0.333199 0.94268 0.995799 -0.0785521 0.0470505 -0.160798 0.136966 0.0387079 1.5708 -1.04529 0.0346311 0 0 0.732487 -0.27773 0.484284 0.484284 0.604804 -0.000436234 0.408154 0.408154 0.663574 0.272949 0.351249 0.351249 
