1 -1.21741e-18 0.933567 -0.358403 1.56017e-16 -0.358403 -0.933567 -1 -5.58906e-17 -1.45717e-16 -0.162978 -0.124411 -0.010816 1.5708 -1.0472 0.0470878 0 0 0.745084 -0.265456 0.452542 0.452542 0.850003 -0.00802702 0.298285 0.298285 0.645911 0.258149 0.594689 0.594689 
1 -1.21741e-18 0.933567 -0.358403 6.5359e-07 0.358403 0.933567 1 -2.34249e-07 -6.1017e-07 -0.162978 0.124411 0.0108159 1.5708 -1.0472 0.0470878 0 0 0.745084 -0.265456 0.452542 0.452542 0.850003 -0.00802702 0.298285 0.298285 0.645911 0.258149 0.594689 0.594689 
1 -0.000796327 -0.35836 -0.933583 0.00079629 -0.933583 0.358359 -0.999999 -0.000458031 0.0010288 -0.124428 0.162981 -0.0105871 1.5708 -1.0472 0.0470878 0 0 0.745084 -0.265456 0.452542 0.452542 0.850003 -0.00802702 0.298285 0.298285 0.645911 0.258149 0.594689 0.594689 
1 -0.000796327 -0.35836 -0.933583 -0.000795636 0.933583 -0.358359 0.999999 0.000457421 -0.00102856 -0.124428 -0.162981 0.0105872 1.5708 -1.0472 0.0470878 0 0 0.745084 -0.265456 0.452542 0.452542 0.850003 -0.00802702 0.298285 0.298285 0.645911 0.258149 0.594689 0.594689 
1 -7.37825e-08 -0.9336 0.358317 0.00159265 0.358316 0.933599 -0.999999 0.000570743 0.00148687 0.162967 0.124444 -0.0106178 1.5708 -1.0472 0.0470878 0 0 0.745084 -0.265456 0.452542 0.452542 0.850003 -0.00802702 0.298285 0.298285 0.645911 0.258149 0.594689 0.594689 
1 -7.37825e-08 -0.9336 0.358317 -0.001592 -0.358316 -0.933599 0.999999 -0.000570509 -0.00148626 0.162967 -0.124444 0.0106179 1.5708 -1.0472 0.0470878 0 0 0.745084 -0.265456 0.452542 0.452542 0.850003 -0.00802702 0.298285 0.298285 0.645911 0.258149 0.594689 0.594689 
1 0.000796327 0.358273 0.933616 0.000796437 0.933616 -0.358274 -0.999999 0.00102887 0.000458121 0.124443 -0.162952 -0.0108467 1.5708 -1.0472 0.0470878 0 0 0.745084 -0.265456 0.452542 0.452542 0.850003 -0.00802702 0.298285 0.298285 0.645911 0.258149 0.594689 0.594689 
1 0.000796327 0.358273 0.933616 -0.000795784 -0.933616 0.358274 0.999999 -0.00102826 -0.000458355 0.124443 0.162952 0.0108466 1.5708 -1.0472 0.0470878 0 0 0.745084 -0.265456 0.452542 0.452542 0.850003 -0.00802702 0.298285 0.298285 0.645911 0.258149 0.594689 0.594689 
1 -1.21741e-18 0.933567 -0.358403 1.56017e-16 -0.358403 -0.933567 -1 -5.58906e-17 -1.45717e-16 -0.162978 -0.124427 0.00918401 1.5708 -1.0472 0.0470878 0 0 0.745084 -0.265456 0.452542 0.452542 0.850003 -0.00802702 0.298285 0.298285 0.645911 0.258149 0.594689 0.594689 
1 -1.21741e-18 0.933567 -0.358403 6.5359e-07 0.358403 0.933567 1 -2.34249e-07 -6.1017e-07 -0.162978 0.124427 -0.00918409 1.5708 -1.0472 0.0470878 0 0 0.745084 -0.265456 0.452542 0.452542 0.850003 -0.00802702 0.298285 0.298285 0.645911 0.258149 0.594689 0.594689 
1 -0.000796327 -0.35836 -0.933583 0.00079629 -0.933583 0.358359 -0.999999 -0.000458031 0.0010288 -0.124428 0.162965 0.00941287 1.5708 -1.0472 0.0470878 0 0 0.745084 -0.265456 0.452542 0.452542 0.850003 -0.00802702 0.298285 0.298285 0.645911 0.258149 0.594689 0.594689 
1 -0.000796327 -0.35836 -0.933583 -0.000795636 0.933583 -0.358359 0.999999 0.000457421 -0.00102856 -0.124428 -0.162965 -0.00941276 1.5708 -1.0472 0.0470878 0 0 0.745084 -0.265456 0.452542 0.452542 0.850003 -0.00802702 0.298285 0.298285 0.645911 0.258149 0.594689 0.594689 
1 -7.37825e-08 -0.9336 0.358317 0.00159265 0.358316 0.933599 -0.999999 0.000570743 0.00148687 0.162967 0.124428 0.00938218 1.5708 -1.0472 0.0470878 0 0 0.745084 -0.265456 0.452542 0.452542 0.850003 -0.00802702 0.298285 0.298285 0.645911 0.258149 0.594689 0.594689 
1 -7.37825e-08 -0.9336 0.358317 -0.001592 -0.358316 -0.933599 0.999999 -0.000570509 -0.00148626 0.162967 -0.124428 -0.0093821 1.5708 -1.0472 0.0470878 0 0 0.745084 -0.265456 0.452542 0.452542 0.850003 -0.00802702 0.298285 0.298285 0.645911 0.258149 0.594689 0.594689 
1 0.000796327 0.358273 0.933616 0.000796437 0.933616 -0.358274 -0.999999 0.00102887 0.000458121 0.124443 -0.162968 0.00915332 1.5708 -1.0472 0.0470878 0 0 0.745084 -0.265456 0.452542 0.452542 0.850003 -0.00802702 0.298285 0.298285 0.645911 0.258149 0.594689 0.594689 
1 0.000796327 0.358273 0.933616 -0.000795784 -0.933616 0.358274 0.999999 -0.00102826 -0.000458355 0.124443 0.162968 -0.00915343 1.5708 -1.0472 0.0470878 0 0 0.745084 -0.265456 0.452542 0.452542 0.850003 -0.00802702 0.298285 0.298285 0.645911 0.258149 0.594689 0.594689 
