1 9.6881e-06 0.933562 -0.358417 -2.331e-11 -0.358417 -0.933562 -1 9.04445e-06 -3.47236e-06 -0.159946 -0.122561 0.014646 1.5708 -1.0472 0.0696532 0.0529332 0.0529332 0.761416 -0.283359 0.537168 0.537168 0.824472 0.00906264 0.446885 0.446885 0.788022 0.245736 0.51679 0.51679 
1 9.6881e-06 0.933562 -0.358417 6.53613e-07 0.358417 0.933562 1 -9.2787e-06 2.86219e-06 -0.159946 0.122561 -0.0146461 1.5708 -1.0472 0.0696532 0.0529332 0.0529332 0.761416 -0.283359 0.537168 0.537168 0.824472 0.00906264 0.446885 0.446885 0.788022 0.245736 0.51679 0.51679 
1 -9.76188e-06 -0.933595 0.358331 0.00159265 0.35833 0.933594 -0.999999 0.00057981 0.00148339 0.159935 0.122553 0.0148412 1.5708 -1.0472 0.0696532 0.0529332 0.0529332 0.761416 -0.283359 0.537168 0.537168 0.824472 0.00906264 0.446885 0.446885 0.788022 0.245736 0.51679 0.51679 
1 -9.76188e-06 -0.933595 0.358331 -0.001592 -0.35833 -0.933594 0.999999 -0.000579576 -0.00148278 0.159935 -0.122553 -0.0148411 1.5708 -1.0472 0.0696532 0.0529332 0.0529332 0.761416 -0.283359 0.537168 0.537168 0.824472 0.00906264 0.446885 0.446885 0.788022 0.245736 0.51679 0.51679 
