1 0.0232472 0.446719 0.894372 -0.998292 -0.0375812 0.0447194 0.0535886 -0.893885 0.445082 0.1279 0.00220444 0.167862 1.5708 -1.0268 0.0407191 0.22761 0.22761 0.530969 -0.261246 0.41981 0.41981 0.61427 0.00738194 0.296854 0.296854 0.569025 0.248082 0.304336 0.304336 
1 0.0232472 -0.457071 -0.889126 -0.998292 0.0370596 -0.0451526 0.0535886 0.888658 -0.455429 -0.132226 0.00125496 -0.171159 1.5708 -0.988667 0.0661296 0.295614 0.295614 0.50476 -0.256121 0.30205 0.30205 0.317731 0.005187 0.592652 0.592652 0.356629 0.259144 0.442668 0.442668 
1 -0.0232472 -0.452661 -0.89138 0.998292 -0.0583044 0.00357269 -0.0535886 -0.889774 0.453244 -0.129913 0.000710714 0.168891 1.5708 -0.972739 0.0534996 0.198268 0.198268 0.299609 -0.26203 0.566231 0.566231 0.47701 0.01946 0.413323 0.413323 0.477019 0.256013 0.387934 0.387934 
1 -0.0232472 0.452661 0.89138 0.998292 0.0583044 -0.00357269 -0.0535886 0.889774 -0.453244 0.131893 -0.0219653 -0.169058 1.5708 -0.940069 0.0456326 0.204618 0.204618 0.369724 -0.259596 0.457159 0.457159 0.525688 -0.0161047 0.311218 0.311218 0.39067 0.260966 0.470241 0.470241 
