1 0.00599106 0.651789 -0.758377 -0.00212118 0.758397 0.651789 0.99998 -0.00229626 0.00592616 -0.195619 0.053149 0.0160001 1.5708 -0.940223 0.0525557 0 0 0.661124 -0.272751 0.477405 0.477405 0.564887 -0.00379346 0.345238 0.345238 0.590378 0.27016 0.279587 0.279587 
1 0.00640665 0.510196 -0.860034 -0.00103655 0.860055 0.510201 0.999979 -0.00237721 0.00603891 -0.201874 0.018374 0.0160278 1.5708 -0.940223 0.0525557 0 0 0.661124 -0.272751 0.477405 0.477405 0.564887 -0.00379346 0.345238 0.345238 0.590378 0.27016 0.279587 0.279587 
1 0.00662759 0.353103 -0.935561 0.000103765 0.935581 0.353111 0.999978 -0.00243736 0.00616401 -0.201995 -0.0169589 0.0160559 1.5708 -0.940223 0.0525557 0 0 0.661124 -0.272751 0.477405 0.477405 0.564887 -0.00379346 0.345238 0.345238 0.590378 0.27016 0.279587 0.279587 
1 0.00664716 0.185281 -0.982663 0.00126512 0.982682 0.185294 0.999977 -0.00247486 0.00629765 -0.19598 -0.0517762 0.0160837 1.5708 -0.940223 0.0525557 0 0 0.661124 -0.272751 0.477405 0.477405 0.564887 -0.00379346 0.345238 0.345238 0.590378 0.27016 0.279587 0.279587 
1 0.00646478 0.0118304 -0.999909 0.00241223 0.999927 0.0118462 0.999976 -0.0024886 0.00643577 -0.18401 -0.08502 0.0161101 1.5708 -0.940223 0.0525557 0 0 0.661124 -0.272751 0.477405 0.477405 0.564887 -0.00379346 0.345238 0.345238 0.590378 0.27016 0.279587 0.279587 
1 0.00608597 -0.16198 -0.986775 0.00351025 0.986791 -0.161961 0.999975 -0.00247813 0.00657417 -0.166449 -0.11568 0.0161345 1.5708 -0.940223 0.0525557 0 0 0.661124 -0.272751 0.477405 0.477405 0.564887 -0.00379346 0.345238 0.345238 0.590378 0.27016 0.279587 0.279587 
1 0.00552226 -0.330869 -0.943661 0.00452581 0.943674 -0.330847 0.999975 -0.0024438 0.00670866 -0.143831 -0.142825 0.0161562 1.5708 -0.940223 0.0525557 0 0 0.661124 -0.272751 0.477405 0.477405 0.564887 -0.00379346 0.345238 0.345238 0.590378 0.27016 0.279587 0.279587 
1 0.00479077 -0.489705 -0.871875 0.00542805 0.871885 -0.489681 0.999974 -0.00238663 0.00683515 -0.116843 -0.165631 0.0161743 1.5708 -0.940223 0.0525557 0 0 0.661124 -0.272751 0.477405 0.477405 0.564887 -0.00379346 0.345238 0.345238 0.590378 0.27016 0.279587 0.279587 
1 0.00391372 -0.633663 -0.773599 0.00618957 0.773606 -0.633637 0.999973 -0.00230837 0.00694978 -0.0863054 -0.183403 0.0161885 1.5708 -0.940223 0.0525557 0 0 0.661124 -0.272751 0.477405 0.477405 0.564887 -0.00379346 0.345238 0.345238 0.590378 0.27016 0.279587 0.279587 
1 0.00291776 -0.758369 -0.65182 0.00678723 0.651822 -0.758341 0.999973 -0.00221139 0.00704909 -0.0531453 -0.195603 0.0161982 1.5708 -0.940223 0.0525557 0 0 0.661124 -0.272751 0.477405 0.477405 0.564887 -0.00379346 0.345238 0.345238 0.590378 0.27016 0.279587 0.279587 
1 0.00183316 -0.860033 -0.510236 0.00720287 0.510235 -0.860005 0.999972 -0.00209864 0.00713004 -0.0183705 -0.20186 0.0162032 1.5708 -0.940223 0.0525557 0 0 0.661124 -0.272751 0.477405 0.477405 0.564887 -0.00379346 0.345238 0.345238 0.590378 0.27016 0.279587 0.279587 
1 0.000692852 -0.935567 -0.35315 0.00742386 0.353145 -0.935539 0.999972 -0.00197355 0.00719019 0.0169624 -0.201983 0.0162033 1.5708 -0.940223 0.0525557 0 0 0.661124 -0.272751 0.477405 0.477405 0.564887 -0.00379346 0.345238 0.345238 0.590378 0.27016 0.279587 0.279587 
1 -0.000468503 -0.982675 -0.185334 0.00744349 0.185326 -0.982649 0.999972 -0.00183991 0.00722771 0.0517799 -0.195969 0.0161985 1.5708 -0.940223 0.0525557 0 0 0.661124 -0.272751 0.477405 0.477405 0.564887 -0.00379346 0.345238 0.345238 0.590378 0.27016 0.279587 0.279587 
1 -0.00161562 -0.999928 -0.0118874 0.00726116 0.0118754 -0.999903 0.999972 -0.00170178 0.00724145 0.0850243 -0.184001 0.0161889 1.5708 -0.940223 0.0525557 0 0 0.661124 -0.272751 0.477405 0.477405 0.564887 -0.00379346 0.345238 0.345238 0.590378 0.27016 0.279587 0.279587 
1 -0.00271366 -0.9868 0.16192 0.00688241 -0.161936 -0.986777 0.999973 -0.00156337 0.007231 0.115685 -0.166442 0.016175 1.5708 -0.940223 0.0525557 0 0 0.661124 -0.272751 0.477405 0.477405 0.564887 -0.00379346 0.345238 0.345238 0.590378 0.27016 0.279587 0.279587 
1 -0.00372924 -0.94369 0.330809 0.00631874 -0.330827 -0.94367 0.999973 -0.00142888 0.00719667 0.142832 -0.143825 0.016157 1.5708 -0.940223 0.0525557 0 0 0.661124 -0.272751 0.477405 0.477405 0.564887 -0.00379346 0.345238 0.345238 0.590378 0.27016 0.279587 0.279587 
1 -0.00463152 -0.871909 0.489646 0.00558729 -0.489666 -0.871892 0.999974 -0.00130239 0.00713951 0.165638 -0.116838 0.0161355 1.5708 -0.940223 0.0525557 0 0 0.661124 -0.272751 0.477405 0.477405 0.564887 -0.00379346 0.345238 0.345238 0.590378 0.27016 0.279587 0.279587 
1 -0.00539309 -0.773637 0.633607 0.00471028 -0.633628 -0.773623 0.999974 -0.00118775 0.00706126 0.183412 -0.0863011 0.0161111 1.5708 -0.940223 0.0525557 0 0 0.661124 -0.272751 0.477405 0.477405 0.564887 -0.00379346 0.345238 0.345238 0.590378 0.27016 0.279587 0.279587 
1 -0.00599079 -0.651859 0.758317 0.00371435 -0.758339 -0.651849 0.999975 -0.00108844 0.00696429 0.195614 -0.0531416 0.0160847 1.5708 -0.940223 0.0525557 0 0 0.661124 -0.272751 0.477405 0.477405 0.564887 -0.00379346 0.345238 0.345238 0.590378 0.27016 0.279587 0.279587 
1 -0.00640648 -0.510276 0.859987 0.00262976 -0.86001 -0.51027 0.999976 -0.00100748 0.00685154 0.201872 -0.0183671 0.016057 1.5708 -0.940223 0.0525557 0 0 0.661124 -0.272751 0.477405 0.477405 0.564887 -0.00379346 0.345238 0.345238 0.590378 0.27016 0.279587 0.279587 
1 -0.00662752 -0.35319 0.935528 0.00148947 -0.935551 -0.353188 0.999977 -0.000947322 0.00672645 0.201997 0.0169658 0.0160289 1.5708 -0.940223 0.0525557 0 0 0.661124 -0.272751 0.477405 0.477405 0.564887 -0.00379346 0.345238 0.345238 0.590378 0.27016 0.279587 0.279587 
1 -0.00664721 -0.185372 0.982646 0.000328114 -0.982668 -0.185374 0.999978 -0.000909802 0.00659282 0.195985 0.0517836 0.0160012 1.5708 -0.940223 0.0525557 0 0 0.661124 -0.272751 0.477405 0.477405 0.564887 -0.00379346 0.345238 0.345238 0.590378 0.27016 0.279587 0.279587 
1 -0.00646493 -0.0119231 0.999908 -0.000819014 -0.999929 -0.0119286 0.999979 -0.000896057 0.0064547 0.184018 0.0850285 0.0159747 1.5708 -0.940223 0.0525557 0 0 0.661124 -0.272751 0.477405 0.477405 0.564887 -0.00379346 0.345238 0.345238 0.590378 0.27016 0.279587 0.279587 
1 -0.00608623 0.161889 0.98679 -0.00191706 -0.986809 0.16188 0.99998 -0.000906504 0.00631629 0.16646 0.11569 0.0159503 1.5708 -0.940223 0.0525557 0 0 0.661124 -0.272751 0.477405 0.477405 0.564887 -0.00379346 0.345238 0.345238 0.590378 0.27016 0.279587 0.279587 
1 -0.00552261 0.330782 0.943691 -0.00293268 -0.943707 0.33077 0.99998 -0.000940827 0.0061818 0.143844 0.142838 0.0159287 1.5708 -0.940223 0.0525557 0 0 0.661124 -0.272751 0.477405 0.477405 0.564887 -0.00379346 0.345238 0.345238 0.590378 0.27016 0.279587 0.279587 
1 -0.0047912 0.489625 0.87192 -0.00383499 -0.871933 0.489611 0.999981 -0.000997983 0.00605531 0.116859 0.165646 0.0159105 1.5708 -0.940223 0.0525557 0 0 0.661124 -0.272751 0.477405 0.477405 0.564887 -0.00379346 0.345238 0.345238 0.590378 0.27016 0.279587 0.279587 
1 -0.00391422 0.633591 0.773658 -0.00459659 -0.773667 0.633576 0.999982 -0.00107623 0.00594067 0.0863224 0.183421 0.0158964 1.5708 -0.940223 0.0525557 0 0 0.661124 -0.272751 0.477405 0.477405 0.564887 -0.00379346 0.345238 0.345238 0.590378 0.27016 0.279587 0.279587 
1 -0.00291832 0.758308 0.65189 -0.00519434 -0.651895 0.758291 0.999982 -0.0011732 0.00584135 0.0531634 0.195624 0.0158866 1.5708 -0.940223 0.0525557 0 0 0.661124 -0.272751 0.477405 0.477405 0.564887 -0.00379346 0.345238 0.345238 0.590378 0.27016 0.279587 0.279587 
1 -0.00183375 0.859985 0.510315 -0.00561008 -0.510317 0.859968 0.999983 -0.00128595 0.00576038 0.0183893 0.201884 0.0158817 1.5708 -0.940223 0.0525557 0 0 0.661124 -0.272751 0.477405 0.477405 0.564887 -0.00379346 0.345238 0.345238 0.590378 0.27016 0.279587 0.279587 
1 -0.000693466 0.935534 0.353236 -0.00583118 -0.353234 0.935517 0.999983 -0.00141104 0.00570022 -0.0169437 0.20201 0.0158816 1.5708 -0.940223 0.0525557 0 0 0.661124 -0.272751 0.477405 0.477405 0.564887 -0.00379346 0.345238 0.345238 0.590378 0.27016 0.279587 0.279587 
1 0.000467887 0.982658 0.185425 -0.00585092 -0.185419 0.982642 0.999983 -0.00154467 0.0056627 -0.0517618 0.196 0.0158863 1.5708 -0.940223 0.0525557 0 0 0.661124 -0.272751 0.477405 0.477405 0.564887 -0.00379346 0.345238 0.345238 0.590378 0.27016 0.279587 0.279587 
1 0.00161502 0.999927 0.0119801 -0.00566869 -0.0119707 0.999912 0.999983 -0.00168279 0.00564894 -0.0850072 0.184034 0.0158959 1.5708 -0.940223 0.0525557 0 0 0.661124 -0.272751 0.477405 0.477405 0.564887 -0.00379346 0.345238 0.345238 0.590378 0.27016 0.279587 0.279587 
1 0.00271309 0.986815 -0.161829 -0.00529004 0.161841 0.986803 0.999982 -0.00182121 0.00565938 -0.11567 0.166478 0.0159099 1.5708 -0.940223 0.0525557 0 0 0.661124 -0.272751 0.477405 0.477405 0.564887 -0.00379346 0.345238 0.345238 0.590378 0.27016 0.279587 0.279587 
1 0.00372873 0.943721 -0.330721 -0.00472647 0.330736 0.943711 0.999982 -0.0019557 0.0056937 -0.142818 0.143864 0.0159279 1.5708 -0.940223 0.0525557 0 0 0.661124 -0.272751 0.477405 0.477405 0.564887 -0.00379346 0.345238 0.345238 0.590378 0.27016 0.279587 0.279587 
1 0.00463108 0.871954 -0.489565 -0.0039951 0.489583 0.871948 0.999981 -0.00208219 0.00575084 -0.165627 0.116879 0.0159493 1.5708 -0.940223 0.0525557 0 0 0.661124 -0.272751 0.477405 0.477405 0.564887 -0.00379346 0.345238 0.345238 0.590378 0.27016 0.279587 0.279587 
1 0.00539272 0.773695 -0.633535 -0.00311816 0.633554 0.773692 0.999981 -0.00219684 0.00582909 -0.183404 0.0863436 0.0159737 1.5708 -0.940223 0.0525557 0 0 0.661124 -0.272751 0.477405 0.477405 0.564887 -0.00379346 0.345238 0.345238 0.590378 0.27016 0.279587 0.279587 
1 0.00599052 0.651929 -0.758256 -0.00212229 0.758276 0.65193 0.99998 -0.00229616 0.00592605 -0.195609 0.0531853 0.0160001 1.5708 -0.940223 0.0525557 0 0 0.661124 -0.272751 0.477405 0.477405 0.564887 -0.00379346 0.345238 0.345238 0.590378 0.27016 0.279587 0.279587 
