1 -0.000568902 0.253265 0.967397 -2.24186e-07 0.967397 -0.253265 -1 -0.0001443 -0.000550297 0.145368 -0.134452 0.004302 1.57 -1.0472 0.112247 0.087559 0.087559 0.75307 -0.156794 0.358623 0.358623 0.838133 -0.00947538 0.258661 0.258661 0.791973 0.152044 0.298137 0.298137 
1 0.000568248 -0.253264 -0.967397 -0.00159288 0.967396 -0.253265 0.999999 0.00168486 0.000146302 -0.145368 -0.134445 -0.00451623 1.57 -1.0472 0.112247 0.087559 0.087559 0.75307 -0.156794 0.358623 0.358623 0.838133 -0.00947538 0.258661 0.258661 0.791973 0.152044 0.298137 0.298137 
1 -0.000710673 0.4174 0.908723 -2.76142e-05 0.908723 -0.4174 -1 -0.000321728 -0.000634278 0.119814 -0.157651 0.00430388 1.57 -1.0472 0.112247 0.087559 0.087559 0.75307 -0.156794 0.358623 0.358623 0.838133 -0.00947538 0.258661 0.258661 0.791973 0.152044 0.298137 0.298137 
1 0.000710018 -0.417398 -0.908723 -0.00162027 0.908722 -0.417399 0.999998 0.00176874 -3.1088e-05 -0.119814 -0.157644 -0.00455504 1.57 -1.0472 0.112247 0.087559 0.087559 0.75307 -0.156794 0.358623 0.358623 0.838133 -0.00947538 0.258661 0.258661 0.791973 0.152044 0.298137 0.298137 
1 -0.000855046 0.568852 0.822439 -2.99706e-05 0.82244 -0.568852 -1 -0.000511044 -0.000686175 0.0906193 -0.17606 0.00431247 1.57 -1.0472 0.112247 0.087559 0.087559 0.75307 -0.156794 0.358623 0.358623 0.838133 -0.00947538 0.258661 0.258661 0.791973 0.152044 0.298137 0.298137 
1 0.000854391 -0.568851 -0.82244 -0.00162262 0.822439 -0.568852 0.999998 0.00182053 -0.000220347 -0.0906195 -0.176053 -0.00459292 1.57 -1.0472 0.112247 0.087559 0.087559 0.75307 -0.156794 0.358623 0.358623 0.838133 -0.00947538 0.258661 0.258661 0.791973 0.152044 0.298137 0.298137 
1 -0.000997634 0.703021 0.711168 -7.22196e-06 0.711168 -0.703022 -1 -0.000706494 -0.000704409 0.0586716 -0.189121 0.00432751 1.57 -1.0472 0.112247 0.087559 0.087559 0.75307 -0.156794 0.358623 0.358623 0.838133 -0.00947538 0.258661 0.258661 0.791973 0.152044 0.298137 0.298137 
1 0.00099698 -0.70302 -0.711169 -0.00159987 0.711167 -0.703021 0.999998 0.00183868 -0.000415725 -0.0586719 -0.189113 -0.00462874 1.57 -1.0472 0.112247 0.087559 0.087559 0.75307 -0.156794 0.358623 0.358623 0.838133 -0.00947538 0.258661 0.258661 0.791973 0.152044 0.298137 0.298137 
1 -0.00113411 0.815831 0.57829 3.99407e-05 0.57829 -0.815831 -0.999999 -0.000902142 -0.000688428 0.0249415 -0.196435 0.00434854 1.57 -1.0472 0.112247 0.087559 0.087559 0.75307 -0.156794 0.358623 0.358623 0.838133 -0.00947538 0.258661 0.258661 0.791973 0.152044 0.298137 0.298137 
1 0.00113345 -0.81583 -0.578291 -0.00155271 0.578289 -0.815831 0.999998 0.00182262 -0.000611286 -0.0249418 -0.196428 -0.00466141 1.57 -1.0472 0.112247 0.087559 0.087559 0.75307 -0.156794 0.358623 0.358623 0.838133 -0.00947538 0.258661 0.258661 0.791973 0.152044 0.298137 0.298137 
1 -0.00126032 0.903853 0.427841 0.000110084 0.427842 -0.903854 -0.999999 -0.00109204 -0.000638716 -0.00954626 -0.197781 0.00437494 1.57 -1.0472 0.112247 0.087559 0.087559 0.75307 -0.156794 0.358623 0.358623 0.838133 -0.00947538 0.258661 0.258661 0.791973 0.152044 0.298137 0.298137 
1 0.00125966 -0.903853 -0.427842 -0.00148257 0.427841 -0.903853 0.999998 0.00177285 -0.000801089 0.00954601 -0.197774 -0.00468992 1.57 -1.0472 0.112247 0.087559 0.087559 0.75307 -0.156794 0.358623 0.358623 0.838133 -0.00947538 0.258661 0.258661 0.791973 0.152044 0.298137 0.298137 
1 -0.00137243 0.964414 0.264394 0.000201078 0.264394 -0.964415 -0.999999 -0.00127043 -0.000556785 -0.0437439 -0.193118 0.00440588 1.57 -1.0472 0.112247 0.087559 0.087559 0.75307 -0.156794 0.358623 0.358623 0.838133 -0.00947538 0.258661 0.258661 0.791973 0.152044 0.298137 0.298137 
1 0.00137177 -0.964414 -0.264395 -0.00139157 0.264393 -0.964414 0.999998 0.00169088 -0.000979366 0.0437437 -0.193111 -0.00471342 1.57 -1.0472 0.112247 0.087559 0.087559 0.75307 -0.156794 0.358623 0.358623 0.838133 -0.00947538 0.258661 0.258661 0.791973 0.152044 0.298137 0.298137 
1 -0.00146704 0.995673 0.0929133 0.000310157 0.0929139 -0.995674 -0.999999 -0.00143187 -0.000445123 -0.0766124 -0.182588 0.00444044 1.57 -1.0472 0.112247 0.087559 0.087559 0.75307 -0.156794 0.358623 0.358623 0.838133 -0.00947538 0.258661 0.258661 0.791973 0.152044 0.298137 0.298137 
1 0.00146638 -0.995673 -0.0929146 -0.0012825 0.0929128 -0.995673 0.999998 0.0015792 -0.0011407 0.0766121 -0.182581 -0.00473118 1.57 -1.0472 0.112247 0.087559 0.087559 0.75307 -0.156794 0.358623 0.358623 0.838133 -0.00947538 0.258661 0.258661 0.791973 0.152044 0.298137 0.298137 
1 -0.00154127 0.996681 -0.08139 0.000434007 -0.0813895 -0.996682 -0.999999 -0.00157148 -0.000307123 -0.107153 -0.166511 0.00447756 1.57 -1.0472 0.112247 0.087559 0.087559 0.75307 -0.156794 0.358623 0.358623 0.838133 -0.00947538 0.258661 0.258661 0.791973 0.152044 0.298137 0.298137 
1 0.00154061 -0.996681 0.0813888 -0.00115865 -0.0813906 -0.996682 0.999998 0.0014412 -0.00128019 0.107153 -0.166504 -0.00474268 1.57 -1.0472 0.112247 0.087559 0.087559 0.75307 -0.156794 0.358623 0.358623 0.838133 -0.00947538 0.258661 0.258661 0.791973 0.152044 0.298137 0.298137 
1 -0.00159287 0.967407 -0.253221 0.000568865 -0.25322 -0.967409 -0.999999 -0.001685 -0.000146979 -0.134438 -0.145374 0.00451612 1.57 -1.0472 0.112247 0.087559 0.087559 0.75307 -0.156794 0.358623 0.358623 0.838133 -0.00947538 0.258661 0.258661 0.791973 0.152044 0.298137 0.298137 
1 0.00159221 -0.967408 0.253219 -0.00102379 -0.253221 -0.967408 0.999998 0.00128108 -0.0013936 0.134438 -0.145367 -0.00474756 1.57 -1.0472 0.112247 0.087559 0.087559 0.75307 -0.156794 0.358623 0.358623 0.838133 -0.00947538 0.258661 0.258661 0.791973 0.152044 0.298137 0.298137 
1 -0.00162026 0.908741 -0.417358 0.000710634 -0.417357 -0.908742 -0.999998 -0.00176899 3.04455e-05 -0.157638 -0.119821 0.00455495 1.57 -1.0472 0.112247 0.087559 0.087559 0.75307 -0.156794 0.358623 0.358623 0.838133 -0.00947538 0.258661 0.258661 0.791973 0.152044 0.298137 0.298137 
1 0.00161961 -0.908741 0.417356 -0.000882019 -0.417358 -0.908742 0.999998 0.00110369 -0.00147748 0.157638 -0.119814 -0.00474567 1.57 -1.0472 0.112247 0.087559 0.087559 0.75307 -0.156794 0.358623 0.358623 0.838133 -0.00947538 0.258661 0.258661 0.791973 0.152044 0.298137 0.298137 
1 -0.00162263 0.822465 -0.568814 0.000855007 -0.568813 -0.822466 -0.999998 -0.00182089 0.000219759 -0.176049 -0.0906275 0.00459286 1.57 -1.0472 0.112247 0.087559 0.087559 0.75307 -0.156794 0.358623 0.358623 0.838133 -0.00947538 0.258661 0.258661 0.791973 0.152044 0.298137 0.298137 
1 0.00162197 -0.822465 0.568813 -0.000737646 -0.568815 -0.822465 0.999998 0.000914434 -0.00152929 0.176049 -0.0906203 -0.00473707 1.57 -1.0472 0.112247 0.087559 0.087559 0.75307 -0.156794 0.358623 0.358623 0.838133 -0.00947538 0.258661 0.258661 0.791973 0.152044 0.298137 0.298137 
1 -0.00159988 0.711199 -0.702988 0.000997597 -0.702988 -0.711201 -0.999998 -0.00183914 0.000415209 -0.189111 -0.0586805 0.0046287 1.57 -1.0472 0.112247 0.087559 0.087559 0.75307 -0.156794 0.358623 0.358623 0.838133 -0.00947538 0.258661 0.258661 0.791973 0.152044 0.298137 0.298137 
1 0.00159923 -0.7112 0.702988 -0.000595056 -0.702989 -0.7112 0.999999 0.000719056 -0.00154745 0.189111 -0.0586733 -0.00472203 1.57 -1.0472 0.112247 0.087559 0.087559 0.75307 -0.156794 0.358623 0.358623 0.838133 -0.00947538 0.258661 0.258661 0.791973 0.152044 0.298137 0.298137 
1 -0.00155273 0.578326 -0.815804 0.00113407 -0.815804 -0.578328 -0.999998 -0.00182317 0.000610857 -0.196427 -0.0249508 0.00466138 1.57 -1.0472 0.112247 0.087559 0.087559 0.75307 -0.156794 0.358623 0.358623 0.838133 -0.00947538 0.258661 0.258661 0.791973 0.152044 0.298137 0.298137 
1 0.00155207 -0.578327 0.815803 -0.000458581 -0.815805 -0.578327 0.999999 0.000523495 -0.0015314 0.196427 -0.0249435 -0.00470099 1.57 -1.0472 0.112247 0.087559 0.087559 0.75307 -0.156794 0.358623 0.358623 0.838133 -0.00947538 0.258661 0.258661 0.791973 0.152044 0.298137 0.298137 
1 -0.00148259 0.427882 -0.903833 0.00126028 -0.903833 -0.427884 -0.999998 -0.00177346 0.00080076 -0.197774 0.00953697 0.00468992 1.57 -1.0472 0.112247 0.087559 0.087559 0.75307 -0.156794 0.358623 0.358623 0.838133 -0.00947538 0.258661 0.258661 0.791973 0.152044 0.298137 0.298137 
1 0.00148194 -0.427883 0.903833 -0.000332368 -0.903834 -0.427883 0.999999 0.00033369 -0.00148164 0.197774 0.00954418 -0.0046746 1.57 -1.0472 0.112247 0.087559 0.087559 0.75307 -0.156794 0.358623 0.358623 0.838133 -0.00947538 0.258661 0.258661 0.791973 0.152044 0.298137 0.298137 
1 -0.0013916 0.264437 -0.964402 0.0013724 -0.964401 -0.264439 -0.999998 -0.00169154 0.000979148 -0.193113 0.0437348 0.00471344 1.57 -1.0472 0.112247 0.087559 0.087559 0.75307 -0.156794 0.358623 0.358623 0.838133 -0.00947538 0.258661 0.258661 0.791973 0.152044 0.298137 0.298137 
1 0.00139095 -0.264438 0.964402 -0.000220252 -0.964403 -0.264438 0.999999 0.000155409 -0.00139968 0.193113 0.043742 -0.00464365 1.57 -1.0472 0.112247 0.087559 0.087559 0.75307 -0.156794 0.358623 0.358623 0.838133 -0.00947538 0.258661 0.258661 0.791973 0.152044 0.298137 0.298137 
1 -0.00128253 0.0929582 -0.995669 0.00146702 -0.995669 -0.0929601 -0.999998 -0.00157989 0.0011406 -0.182585 0.0766038 0.00473123 1.57 -1.0472 0.112247 0.087559 0.087559 0.75307 -0.156794 0.358623 0.358623 0.838133 -0.00947538 0.258661 0.258661 0.791973 0.152044 0.298137 0.298137 
1 0.00128187 -0.0929595 0.995669 -0.000125637 -0.99567 -0.0929594 0.999999 -5.9311e-06 -0.001288 0.182585 0.076611 -0.0046091 1.57 -1.0472 0.112247 0.087559 0.087559 0.75307 -0.156794 0.358623 0.358623 0.838133 -0.00947538 0.258661 0.258661 0.791973 0.152044 0.298137 0.298137 
1 -0.00115868 -0.0813451 -0.996685 0.00154125 -0.996685 0.0813432 -0.999998 -0.00144189 0.00128021 -0.166509 0.107145 0.00474275 1.57 -1.0472 0.112247 0.087559 0.087559 0.75307 -0.156794 0.358623 0.358623 0.838133 -0.00947538 0.258661 0.258661 0.791973 0.152044 0.298137 0.298137 
1 0.00115803 0.0813438 0.996685 -5.14007e-05 -0.996686 0.0813439 0.999999 -0.000145429 -0.00115001 0.166509 0.107152 -0.00457199 1.57 -1.0472 0.112247 0.087559 0.087559 0.75307 -0.156794 0.358623 0.358623 0.838133 -0.00947538 0.258661 0.258661 0.791973 0.152044 0.298137 0.298137 
1 -0.00102382 -0.253177 -0.967419 0.00159286 -0.967419 0.253175 -0.999998 -0.00128175 0.00139374 -0.145373 0.134431 0.00474765 1.57 -1.0472 0.112247 0.087559 0.087559 0.75307 -0.156794 0.358623 0.358623 0.838133 -0.00947538 0.258661 0.258661 0.791973 0.152044 0.298137 0.298137 
1 0.00102317 0.253176 0.96742 2.03111e-07 -0.96742 0.253176 0.999999 -0.000258846 -0.000989888 0.145373 0.134438 -0.00453345 1.57 -1.0472 0.112247 0.087559 0.087559 0.75307 -0.156794 0.358623 0.358623 0.838133 -0.00947538 0.258661 0.258661 0.791973 0.152044 0.298137 0.298137 
1 -0.000882056 -0.417317 -0.908761 0.00162026 -0.908761 0.417315 -0.999998 -0.00110433 0.00147774 -0.119821 0.157633 0.00474578 1.57 -1.0472 0.112247 0.087559 0.087559 0.75307 -0.156794 0.358623 0.358623 0.838133 -0.00947538 0.258661 0.258661 0.791973 0.152044 0.298137 0.298137 
1 0.000881403 0.417315 0.908761 2.76062e-05 -0.908762 0.417316 1 -0.000342736 -0.000812506 0.119821 0.15764 -0.00449464 1.57 -1.0472 0.112247 0.087559 0.087559 0.75307 -0.156794 0.358623 0.358623 0.838133 -0.00947538 0.258661 0.258661 0.791973 0.152044 0.298137 0.298137 
1 -0.000737683 -0.568777 -0.822491 0.00162263 -0.822491 0.568775 -0.999998 -0.000915022 0.00152965 -0.0906284 0.176045 0.00473719 1.57 -1.0472 0.112247 0.087559 0.087559 0.75307 -0.156794 0.358623 0.358623 0.838133 -0.00947538 0.258661 0.258661 0.791973 0.152044 0.298137 0.298137 
1 0.000737031 0.568776 0.822492 2.99761e-05 -0.822492 0.568776 1 -0.00039455 -0.000623252 0.0906286 0.176052 -0.00445675 1.57 -1.0472 0.112247 0.087559 0.087559 0.75307 -0.156794 0.358623 0.358623 0.838133 -0.00947538 0.258661 0.258661 0.791973 0.152044 0.298137 0.298137 
1 -0.000595093 -0.702956 -0.711233 0.00159989 -0.711232 0.702955 -0.999999 -0.000719573 0.0015479 -0.058682 0.189108 0.00472215 1.57 -1.0472 0.112247 0.087559 0.087559 0.75307 -0.156794 0.358623 0.358623 0.838133 -0.00947538 0.258661 0.258661 0.791973 0.152044 0.298137 0.298137 
1 0.00059444 0.702956 0.711234 7.2406e-06 -0.711234 0.702956 1 -0.000412715 -0.000427876 0.0586822 0.189115 -0.00442093 1.57 -1.0472 0.112247 0.087559 0.087559 0.75307 -0.156794 0.358623 0.358623 0.838133 -0.00947538 0.258661 0.258661 0.791973 0.152044 0.298137 0.298137 
1 -0.000458616 -0.815778 -0.578365 0.00155274 -0.578365 0.815777 -0.999999 -0.000523924 0.00153194 -0.0249525 0.196425 0.00470112 1.57 -1.0472 0.112247 0.087559 0.087559 0.75307 -0.156794 0.358623 0.358623 0.838133 -0.00947538 0.258661 0.258661 0.791973 0.152044 0.298137 0.298137 
1 0.000457963 0.815778 0.578366 -3.99094e-05 -0.578366 0.815778 1 -0.000396678 -0.000232313 0.0249528 0.196433 -0.00438826 1.57 -1.0472 0.112247 0.087559 0.087559 0.75307 -0.156794 0.358623 0.358623 0.838133 -0.00947538 0.258661 0.258661 0.791973 0.152044 0.298137 0.298137 
1 -0.000332399 -0.903815 -0.427924 0.00148261 -0.427924 0.903813 -0.999999 -0.000334018 0.00148225 0.00953514 0.197775 0.00467473 1.57 -1.0472 0.112247 0.087559 0.087559 0.75307 -0.156794 0.358623 0.358623 0.838133 -0.00947538 0.258661 0.258661 0.791973 0.152044 0.298137 0.298137 
1 0.000331747 0.903814 0.427925 -0.000110041 -0.427925 0.903814 1 -0.000346927 -4.25059e-05 -0.00953489 0.197782 -0.00435975 1.57 -1.0472 0.112247 0.087559 0.087559 0.75307 -0.156794 0.358623 0.358623 0.838133 -0.00947538 0.258661 0.258661 0.791973 0.152044 0.298137 0.298137 
1 -0.000220278 -0.96439 -0.264482 0.00139163 -0.264482 0.964389 -0.999999 -0.000155627 0.00140033 0.0437332 0.193115 0.00464379 1.57 -1.0472 0.112247 0.087559 0.087559 0.75307 -0.156794 0.358623 0.358623 0.838133 -0.00947538 0.258661 0.258661 0.791973 0.152044 0.298137 0.298137 
1 0.000219626 0.96439 0.264484 -0.000201025 -0.264484 0.96439 1 -0.000264973 0.000135779 -0.043733 0.193123 -0.00433625 1.57 -1.0472 0.112247 0.087559 0.087559 0.75307 -0.156794 0.358623 0.358623 0.838133 -0.00947538 0.258661 0.258661 0.791973 0.152044 0.298137 0.298137 
1 -0.000125659 -0.995666 -0.0930049 0.00128256 -0.093005 0.995665 -0.999999 5.83046e-06 0.00128869 0.0766027 0.182588 0.00460923 1.57 -1.0472 0.112247 0.087559 0.087559 0.75307 -0.156794 0.358623 0.358623 0.838133 -0.00947538 0.258661 0.258661 0.791973 0.152044 0.298137 0.298137 
1 0.000125006 0.995666 0.0930062 -0.000310095 -0.0930061 0.995665 1 -0.000153305 0.000297124 -0.0766024 0.182595 -0.00431848 1.57 -1.0472 0.112247 0.087559 0.087559 0.75307 -0.156794 0.358623 0.358623 0.838133 -0.00947538 0.258661 0.258661 0.791973 0.152044 0.298137 0.298137 
1 -5.14171e-05 -0.99669 0.0812984 0.00115872 0.0812982 0.996689 -0.999999 0.000145448 0.0011507 0.107145 0.166514 0.00457211 1.57 -1.0472 0.112247 0.087559 0.087559 0.75307 -0.156794 0.358623 0.358623 0.838133 -0.00947538 0.258661 0.258661 0.791973 0.152044 0.298137 0.298137 
1 5.07639e-05 0.99669 -0.0812971 -0.000433938 0.0812971 0.99669 1 -1.5318e-05 0.000436628 -0.107145 0.166521 -0.00430698 1.57 -1.0472 0.112247 0.087559 0.087559 0.75307 -0.156794 0.358623 0.358623 0.838133 -0.00947538 0.258661 0.258661 0.791973 0.152044 0.298137 0.298137 
1 1.92968e-07 -0.967432 0.253132 0.00102386 0.253131 0.967431 -0.999999 0.000258985 0.000990565 0.134432 0.14538 0.00453355 1.57 -1.0472 0.112247 0.087559 0.087559 0.75307 -0.156794 0.358623 0.358623 0.838133 -0.00947538 0.258661 0.258661 0.791973 0.152044 0.298137 0.298137 
1 -8.46269e-07 0.967432 -0.25313 -0.000568791 0.25313 0.967432 1 0.000144797 0.000550053 -0.134432 0.145387 -0.00430209 1.57 -1.0472 0.112247 0.087559 0.087559 0.75307 -0.156794 0.358623 0.358623 0.838133 -0.00947538 0.258661 0.258661 0.791973 0.152044 0.298137 0.298137 
1 2.76026e-05 -0.908781 0.417274 0.000882095 0.417274 0.90878 -1 0.000342991 0.000813149 0.157634 0.119829 0.00449473 1.57 -1.0472 0.112247 0.087559 0.087559 0.75307 -0.156794 0.358623 0.358623 0.838133 -0.00947538 0.258661 0.258661 0.791973 0.152044 0.298137 0.298137 
1 -2.82561e-05 0.908781 -0.417273 -0.000710558 0.417273 0.908781 1 0.000322175 0.000633951 -0.157634 0.119836 -0.00430398 1.57 -1.0472 0.112247 0.087559 0.087559 0.75307 -0.156794 0.358623 0.358623 0.838133 -0.00947538 0.258661 0.258661 0.791973 0.152044 0.298137 0.298137 
1 2.9979e-05 -0.822518 0.568739 0.000737722 0.568738 0.822518 -1 0.000394913 0.000623841 0.176048 0.0906366 0.00445682 1.57 -1.0472 0.112247 0.087559 0.087559 0.75307 -0.156794 0.358623 0.358623 0.838133 -0.00947538 0.258661 0.258661 0.791973 0.152044 0.298137 0.298137 
1 -3.06327e-05 0.822519 -0.568737 -0.00085493 0.568737 0.822519 1 0.000511427 0.000685775 -0.176048 0.0906438 -0.00431257 1.57 -1.0472 0.112247 0.087559 0.087559 0.75307 -0.156794 0.358623 0.358623 0.838133 -0.00947538 0.258661 0.258661 0.791973 0.152044 0.298137 0.298137 
1 7.25005e-06 -0.711266 0.702923 0.000595131 0.702923 0.711266 -1 0.000413174 0.000428392 0.189112 0.0586908 0.00442097 1.57 -1.0472 0.112247 0.087559 0.087559 0.75307 -0.156794 0.358623 0.358623 0.838133 -0.00947538 0.258661 0.258661 0.791973 0.152044 0.298137 0.298137 
1 -7.9039e-06 0.711267 -0.702922 -0.000997522 0.702922 0.711266 1 0.000706802 0.000703949 -0.189112 0.058698 -0.00432762 1.57 -1.0472 0.112247 0.087559 0.087559 0.75307 -0.156794 0.358623 0.358623 0.838133 -0.00947538 0.258661 0.258661 0.791973 0.152044 0.298137 0.298137 
1 -3.98937e-05 -0.578403 0.815751 0.000458651 0.815751 0.578403 -1 0.00039722 0.000232742 0.196431 0.0249617 0.00438829 1.57 -1.0472 0.112247 0.087559 0.087559 0.75307 -0.156794 0.358623 0.358623 0.838133 -0.00947538 0.258661 0.258661 0.791973 0.152044 0.298137 0.298137 
1 3.92397e-05 0.578404 -0.81575 -0.001134 0.81575 0.578404 0.999999 0.000902366 0.000687921 -0.196431 0.024969 -0.00434865 1.57 -1.0472 0.112247 0.087559 0.087559 0.75307 -0.156794 0.358623 0.358623 0.838133 -0.00947538 0.258661 0.258661 0.791973 0.152044 0.298137 0.298137 
1 -0.00011002 -0.427967 0.903794 0.000332432 0.903794 0.427967 -1 0.000347535 4.28343e-05 0.197783 -0.00952586 0.00435975 1.57 -1.0472 0.112247 0.087559 0.087559 0.75307 -0.156794 0.358623 0.358623 0.838133 -0.00947538 0.258661 0.258661 0.791973 0.152044 0.298137 0.298137 
1 0.000109366 0.427968 -0.903794 -0.00126022 0.903793 0.427967 0.999999 0.00109218 0.000638178 -0.197783 -0.00951865 -0.00437504 1.57 -1.0472 0.112247 0.087559 0.087559 0.75307 -0.156794 0.358623 0.358623 0.838133 -0.00947538 0.258661 0.258661 0.791973 0.152044 0.298137 0.298137 
1 -0.000200998 -0.264528 0.964378 0.000220307 0.964378 0.264528 -1 0.000265628 -0.000135561 0.193125 -0.0437241 0.00433622 1.57 -1.0472 0.112247 0.087559 0.087559 0.75307 -0.156794 0.358623 0.358623 0.838133 -0.00947538 0.258661 0.258661 0.791973 0.152044 0.298137 0.298137 
1 0.000200344 0.264529 -0.964378 -0.00137235 0.964377 0.264528 0.999999 0.00127046 0.000556232 -0.193125 -0.0437169 -0.00440598 1.57 -1.0472 0.112247 0.087559 0.087559 0.75307 -0.156794 0.358623 0.358623 0.838133 -0.00947538 0.258661 0.258661 0.791973 0.152044 0.298137 0.298137 
1 -0.000310064 -0.0930516 0.995661 0.000125683 0.995661 0.0930517 -1 0.000153989 -0.000297024 0.182599 -0.0765941 0.00431843 1.57 -1.0472 0.112247 0.087559 0.087559 0.75307 -0.156794 0.358623 0.358623 0.838133 -0.00947538 0.258661 0.258661 0.791973 0.152044 0.298137 0.298137 
1 0.000309409 0.0930529 -0.995661 -0.00146697 0.99566 0.0930523 0.999999 0.00143181 0.000444572 -0.182599 -0.0765869 -0.00444053 1.57 -1.0472 0.112247 0.087559 0.087559 0.75307 -0.156794 0.358623 0.358623 0.838133 -0.00947538 0.258661 0.258661 0.791973 0.152044 0.298137 0.298137 
1 -0.000433904 0.0812516 0.996694 5.14343e-05 0.996694 -0.0812516 -1 1.60089e-05 -0.000436648 0.166526 -0.107137 0.00430691 1.57 -1.0472 0.112247 0.087559 0.087559 0.75307 -0.156794 0.358623 0.358623 0.838133 -0.00947538 0.258661 0.258661 0.791973 0.152044 0.298137 0.298137 
1 0.000433249 -0.0812503 -0.996694 -0.00154122 0.996692 -0.0812509 0.999999 0.00157132 0.000306592 -0.166526 -0.10713 -0.00447764 1.57 -1.0472 0.112247 0.087559 0.087559 0.75307 -0.156794 0.358623 0.358623 0.838133 -0.00947538 0.258661 0.258661 0.791973 0.152044 0.298137 0.298137 
1 -0.000568755 0.253086 0.967444 -1.82029e-07 0.967444 -0.253086 -1 -0.00014412 -0.000550192 0.145393 -0.134425 0.00430201 1.57 -1.0472 0.112247 0.087559 0.087559 0.75307 -0.156794 0.358623 0.358623 0.838133 -0.00947538 0.258661 0.258661 0.791973 0.152044 0.298137 0.298137 
1 0.0005681 -0.253085 -0.967444 -0.00159283 0.967443 -0.253085 0.999999 0.00168476 0.000146482 -0.145393 -0.134418 -0.00451619 1.57 -1.0472 0.112247 0.087559 0.087559 0.75307 -0.156794 0.358623 0.358623 0.838133 -0.00947538 0.258661 0.258661 0.791973 0.152044 0.298137 0.298137 
