modelFile: mug2hrp.wrl
clusters: 
  - id:  0
    quadExp:  " 0.540875, 0.255712, 0.544402, 0.000993122, 0.00169586, 0.000674266, -0.000125637, -0.0208653, -9.12341e-05, -0.00106719 " 
    error:  0.0167612
    planeExp:  " 0, 0, 0, 0, 0, 0, -0.0139715, -0.999431, 0.0306962, 0.0368962 " 
    sumQuadDistribution: "  7.23015, 8.76177, 2.31395, 0.212427, 0.00832268, 0.00733338, 5.86455, 151.02, -0.0161693, 3977.56, 8.76177, 35.3517, 8.4946, 0.339245, 0.0131242, 0.0101768, 5.23831, 497.485, 0.112724, 7513.79, 2.31395, 8.4946, 6.92081, 0.00124706, 0.00584407, 0.00391249, 0.201258, 147.122, -0.501693, 3849.04, 0.212427, 0.339245, 0.00124706, 8.76177, 0.0101768, 0.00832268, 151.02, 5.23831, 0.0646263, 77.4527, 0.00832268, 0.0131242, 0.00584407, 0.0101768, 8.4946, 0.00124706, 0.0646263, 0.112724, 147.122, 9.01209, 0.00733338, 0.0101768, 0.00391249, 0.00832268, 0.00124706, 2.31395, -0.0161693, 0.0646263, 0.201258, 8.30735, 5.86455, 5.23831, 0.201258, 151.02, 0.0646263, -0.0161693, 3977.56, 77.4527, 8.30735, 2483.69, 151.02, 497.485, 147.122, 5.23831, 0.112724, 0.0646263, 77.4527, 7513.79, 9.01209, 123893, -0.0161693, 0.112724, -0.501693, 0.0646263, 147.122, 0.201258, 8.30735, 9.01209, 3849.04, -508.35, 3977.56, 7513.79, 3849.04, 77.4527, 9.01209, 8.30735, 2483.69, 123893, -508.35, 3.35733e+06 " 
    sumQuadError: "  1.59102, 0, 0, 0.0154905, 0, 0.00166147, 0.496737, 0, 0, 0, 3.00552, 0, 0.0154905, 0.00180242, 0, 0, 24.7786, 0, 0, 0, 1.53962, 0, 0.00180242, 0.00166147, 0, 0, -0.10167, 0.0154905, 0.0154905, 0, 1.14913, 0.000830735, 0.000901209, 12.3893, 0.248369, 0, 0, 0.00180242, 0.00180242, 0.000830735, 1.13628, 0.00774527, 0, -0.050835, 12.3893, 0.00166147, 0, 0.00166147, 0.000901209, 0.00774527, 0.78266, -0.050835, 0, 0.248369, 0.496737, 0, 0, 12.3893, 0, -0.050835, 335.733, 0, 0, 0, 24.7786, 0, 0.248369, -0.050835, 0, 0, 335.733, 0, 0, 0, -0.10167, 0, 12.3893, 0.248369, 0, 0, 335.733 " 
  - id:  1
    quadExp:  " 0, 0, 0, 0, 0, 0, -0.00151511, -0.99998, 0.00618928, -0.012461 " 
    error:  0.000897305
    planeExp:  " 0, 0, 0, 0, 0, 0, -0.00151511, -0.99998, 0.00618928, -0.012461 " 
    sumQuadDistribution: "  0.0327545, 0.0111028, 0.0138633, 0.00158618, -0.00112061, -0.00335717, -0.13462, -0.891603, 0.0961428, 71.6363, 0.0111028, 0.00756723, 0.0133704, 0.000420724, -0.00081614, -0.000914923, -0.0353595, -0.606796, 0.0708923, 48.6815, 0.0138633, 0.0133704, 0.0513018, 0.00148487, -0.00569058, -0.00381326, -0.125095, -1.08754, 0.503641, 88.6495, 0.00158618, 0.000420724, 0.00148487, 0.0111028, -0.000914923, -0.00112061, -0.891603, -0.0353595, 0.0782253, 2.97611, -0.00112061, -0.00081614, -0.00569058, -0.000914923, 0.0133704, 0.00148487, 0.0782253, 0.0708923, -1.08754, -6.17972, -0.00335717, -0.000914923, -0.00381326, -0.00112061, 0.00148487, 0.0138633, 0.0961428, 0.0782253, -0.125095, -6.69663, -0.13462, -0.0353595, -0.125095, -0.891603, 0.0782253, 0.0961428, 71.6363, 2.97611, -6.69663, -250.862, -0.891603, -0.606796, -1.08754, -0.0353595, 0.0708923, 0.0782253, 2.97611, 48.6815, -6.17972, -3907.8, 0.0961428, 0.0708923, 0.503641, 0.0782253, -1.08754, -0.125095, -6.69663, -6.17972, 88.6495, 540.746, 71.6363, 48.6815, 88.6495, 2.97611, -6.17972, -6.69663, -250.862, -3907.8, 540.746, 313895 " 
    sumQuadError: "  0.0286545, 0, 0, 0.000595222, 0, -0.00133933, -0.0501724, 0, 0, 0, 0.0194726, 0, 0.000595222, -0.00123594, 0, 0, -0.78156, 0, 0, 0, 0.0354598, 0, -0.00123594, -0.00133933, 0, 0, 0.108149, 0.000595222, 0.000595222, 0, 0.0120318, -0.000669663, -0.000617972, -0.39078, -0.0250862, 0, 0, -0.00123594, -0.00123594, -0.000669663, 0.0137331, 0.000297611, 0, 0.0540746, -0.39078, -0.00133933, 0, -0.00133933, -0.000617972, 0.000297611, 0.0160286, 0.0540746, 0, -0.0250862, -0.0501724, 0, 0, -0.39078, 0, 0.0540746, 31.3895, 0, 0, 0, -0.78156, 0, -0.0250862, 0.0540746, 0, 0, 31.3895, 0, 0, 0, 0.108149, 0, -0.39078, -0.0250862, 0, 0, 31.3895 " 
  - id:  2
    quadExp:  " -0.974195, -1.5068e-09, -0.974195, 8.78864e-09, 2.15361e-09, -5.17551e-07, 6.31458e-09, 3.5793e-10, -5.77083e-09, 0.00163655 " 
    error:  4.5223e-05
    planeExp:  " 0, 0, 0, 0, 0, 0, 2.69421e-09, -1, 7.40054e-10, 0.0570889 " 
    sumQuadDistribution: "  1.65946, 4.69807, 0.553155, 6.38083e-07, -5.28682e-07, -5.01499e-07, 1.10553e-05, 75.1918, -9.29212e-06, 1317.1, 4.69807, 26.3628, 4.69807, 1.39069e-06, -1.07214e-06, -9.42023e-07, 2.06873e-05, 374.429, -1.60391e-05, 5593.27, 0.553155, 4.69807, 1.65946, 4.44821e-07, -3.38412e-07, -2.37865e-07, 7.7832e-06, 75.1917, -5.93022e-06, 1317.1, 6.38083e-07, 1.39069e-06, 4.44821e-07, 4.69807, -9.42023e-07, -5.28682e-07, 75.1918, 2.06873e-05, -1.51046e-05, 0.000329269, -5.28682e-07, -1.07214e-06, -3.38412e-07, -9.42023e-07, 4.69807, 4.44821e-07, -1.51046e-05, -1.60391e-05, 75.1917, -0.000257198, -5.01499e-07, -9.42023e-07, -2.37865e-07, -5.28682e-07, 4.44821e-07, 0.553155, -9.29212e-06, -1.51046e-05, 7.7832e-06, -0.000265192, 1.10553e-05, 2.06873e-05, 7.7832e-06, 75.1918, -1.51046e-05, -9.29212e-06, 1317.1, 0.000329269, -0.000265192, 0.00572827, 75.1918, 374.429, 75.1917, 2.06873e-05, -1.60391e-05, -1.51046e-05, 0.000329269, 5593.27, -0.000257198, 89519.4, -9.29212e-06, -1.60391e-05, -5.93022e-06, -1.51046e-05, 75.1917, 7.7832e-06, -0.000265192, -0.000257198, 1317.1, -0.00451603, 1317.1, 5593.27, 1317.1, 0.000329269, -0.000257198, -0.000265192, 0.00572827, 89519.4, -0.00451603, 1.56807e+06 " 
    sumQuadError: "  0.526839, 0, 0, 6.58538e-08, 0, -5.30385e-08, 1.14565e-06, 0, 0, 0, 2.23731, 0, 6.58538e-08, -5.14396e-08, 0, 0, 17.9039, 0, 0, 0, 0.526839, 0, -5.14396e-08, -5.30385e-08, 0, 0, -9.03206e-07, 6.58538e-08, 6.58538e-08, 0, 0.691037, -2.65192e-08, -2.57198e-08, 8.95194, 5.72827e-07, 0, 0, -5.14396e-08, -5.14396e-08, -2.65192e-08, 0.691037, 3.29269e-08, 0, -4.51603e-07, 8.95194, -5.30385e-08, 0, -5.30385e-08, -2.57198e-08, 3.29269e-08, 0.26342, -4.51603e-07, 0, 5.72827e-07, 1.14565e-06, 0, 0, 8.95194, 0, -4.51603e-07, 156.807, 0, 0, 0, 17.9039, 0, 5.72827e-07, -4.51603e-07, 0, 0, 156.807, 0, 0, 0, -9.03206e-07, 0, 8.95194, 5.72827e-07, 0, 0, 156.807 " 
  - id:  3
    quadExp:  " -1.26451, -1.22877, -1.26451, 1.16454e-07, -1.2444e-07, -2.26925e-07, -6.83145e-09, 0.0818167, 1.98139e-09, 0.000809655 " 
    error:  0.000117965
    planeExp:  " 0, 0, 0, 0, 0, 0, 2.84035e-08, -1, -1.92977e-08, 0.00902376 " 
    sumQuadDistribution: "  0.459425, 0.126277, 0.153142, -3.55323e-08, 3.87417e-09, -2.055e-08, -3.52589e-06, 6.61113, 1.09081e-06, 480.242, 0.126277, 0.0711445, 0.126277, 7.16531e-09, -8.20894e-09, -1.14713e-08, 1.40491e-07, 3.27615, -2.9844e-07, 171.355, 0.153142, 0.126277, 0.459424, 1.16823e-08, -2.23547e-08, -5.15422e-08, 2.29452e-07, 6.61113, -1.24966e-06, 480.242, -3.55323e-08, 7.16531e-09, 1.16823e-08, 0.126277, -1.14713e-08, 3.87417e-09, 6.61113, 1.40491e-07, -4.98271e-07, -2.95352e-06, 3.87417e-09, -8.20894e-09, -2.23547e-08, -1.14713e-08, 0.126277, 1.16823e-08, -4.98271e-07, -2.9844e-07, 6.61113, -7.93432e-06, -2.055e-08, -1.14713e-08, -5.15422e-08, 3.87417e-09, 1.16823e-08, 0.153142, 1.09081e-06, -4.98271e-07, 2.29452e-07, -3.67299e-05, -3.52589e-06, 1.40491e-07, 2.29452e-07, 6.61113, -4.98271e-07, 1.09081e-06, 480.242, -2.95352e-06, -3.67299e-05, -0.00153553, 6.61113, 3.27615, 6.61113, 1.40491e-07, -2.9844e-07, -4.98271e-07, -2.95352e-06, 171.355, -7.93432e-06, 8307.59, 1.09081e-06, -2.9844e-07, -1.24966e-06, -4.98271e-07, 6.61113, 2.29452e-07, -3.67299e-05, -7.93432e-06, 480.242, -5.83844e-05, 480.242, 171.355, 480.242, -2.95352e-06, -7.93432e-06, -3.67299e-05, -0.00153553, 8307.59, -5.83844e-05, 920635 " 
    sumQuadError: "  0.192097, 0, 0, -5.90703e-10, 0, -7.34598e-09, -3.07107e-07, 0, 0, 0, 0.0685418, 0, -5.90703e-10, -1.58686e-09, 0, 0, 1.66152, 0, 0, 0, 0.192097, 0, -1.58686e-09, -7.34598e-09, 0, 0, -1.16769e-08, -5.90703e-10, -5.90703e-10, 0, 0.0651597, -3.67299e-09, -7.93432e-10, 0.830759, -1.53553e-07, 0, 0, -1.58686e-09, -1.58686e-09, -3.67299e-09, 0.0651597, -2.95352e-10, 0, -5.83844e-09, 0.830759, -7.34598e-09, 0, -7.34598e-09, -7.93432e-10, -2.95352e-10, 0.0960485, -5.83844e-09, 0, -1.53553e-07, -3.07107e-07, 0, 0, 0.830759, 0, -5.83844e-09, 92.0635, 0, 0, 0, 1.66152, 0, -1.53553e-07, -5.83844e-09, 0, 0, 92.0635, 0, 0, 0, -1.16769e-08, 0, 0.830759, -1.53553e-07, 0, 0, 92.0635 " 
  - id:  4
    quadExp:  " -5.36221, -1.36281, -5.98745, 0.710446, -0.0150921, 0.102894, 0.619473, 0.0528789, -0.00728254, -0.0171946 " 
    error:  0.007618
    planeExp:  " 0, 0, 0, 0, 0, 0, 0.0418453, -0.0113932, -0.999059, -0.00260875 " 
    sumQuadDistribution: "  8.00699, 2.82049, 0.0618543, 3.91271, -0.00580406, 0.00138728, 107.823, 52.9438, 0.00914372, 1467.18, 2.82049, 2.26477, 0.0220529, 2.3885, -0.0103861, -0.0077318, 39.6718, 34.9643, -0.155793, 568.789, 0.0618543, 0.0220529, 0.000814924, 0.0297627, -0.000123799, 5.70524e-06, 0.852051, 0.413607, -0.000225601, 11.8904, 3.91271, 2.3885, 0.0297627, 2.82049, -0.0077318, -0.00580406, 52.9438, 39.6718, -0.117483, 726.153, -0.00580406, -0.0103861, -0.000123799, -0.0077318, 0.0220529, 0.0297627, -0.117483, -0.155793, 0.413607, -2.37246, 0.00138728, -0.0077318, 5.70524e-06, -0.00580406, 0.0297627, 0.0618543, 0.00914372, -0.117483, 0.852051, -0.109936, 107.823, 39.6718, 0.852051, 52.9438, -0.117483, 0.00914372, 1467.18, 726.153, -0.109936, 20214.7, 52.9438, 34.9643, 0.413607, 39.6718, -0.155793, -0.117483, 726.153, 568.789, -2.37246, 10124, 0.00914372, -0.155793, -0.000225601, -0.117483, 0.413607, 0.852051, -0.109936, -2.37246, 11.8904, -6.83407, 1467.18, 568.789, 11.8904, 726.153, -2.37246, -0.109936, 20214.7, 10124, -6.83407, 282654 " 
    sumQuadError: "  0.586872, 0, 0, 0.145231, 0, -2.19871e-05, 4.04295, 0, 0, 0, 0.227516, 0, 0.145231, -0.000474492, 0, 0, 2.0248, 0, 0, 0, 0.00475615, 0, -0.000474492, -2.19871e-05, 0, 0, -0.00136681, 0.145231, 0.145231, 0, 0.203597, -1.09936e-05, -0.000237246, 1.0124, 2.02147, 0, 0, -0.000474492, -0.000474492, -1.09936e-05, 0.0580679, 0.0726153, 0, -0.000683407, 1.0124, -2.19871e-05, 0, -2.19871e-05, -0.000237246, 0.0726153, 0.147907, -0.000683407, 0, 2.02147, 4.04295, 0, 0, 1.0124, 0, -0.000683407, 28.2654, 0, 0, 0, 2.0248, 0, 2.02147, -0.000683407, 0, 0, 28.2654, 0, 0, 0, -0.00136681, 0, 1.0124, 2.02147, 0, 0, 28.2654 " 
  - id:  5
    quadExp:  " 17.7063, 6.49451, -6.98846, -8.84427, -0.139123, 0.138667, -2.01769, 0.304436, -0.0068049, 0.0574976 " 
    error:  0.00227
    planeExp:  " 0, 0, 0, 0, 0, 0, -0.7108, 0.701679, -0.0490913, 0.0383959 " 
    sumQuadDistribution: "  1.60882, 0.0761782, 0.00942951, 0.292672, -0.000220949, -0.0044506, 24.1562, 4.15596, -0.0726055, 367.814, 0.0761782, 0.00697847, 0.000373276, 0.0223393, -3.06472e-06, -2.28732e-05, 1.06172, 0.308455, -0.000432525, 14.8583, 0.00942951, 0.000373276, 0.000103409, 0.0014795, -4.19169e-06, -8.32645e-05, 0.145105, 0.0211139, -0.00136743, 2.27416, 0.292672, 0.0223393, 0.0014795, 0.0761782, -2.28732e-05, -0.000220949, 4.15596, 1.06172, -0.00388536, 59.4623, -0.000220949, -3.06472e-06, -4.19169e-06, -2.28732e-05, 0.000373276, 0.0014795, -0.00388536, -0.000432525, 0.0211139, -0.0698425, -0.0044506, -2.28732e-05, -8.32645e-05, -0.000220949, 0.0014795, 0.00942951, -0.0726055, -0.00388536, 0.145105, -1.20015, 24.1562, 1.06172, 0.145105, 4.15596, -0.00388536, -0.0726055, 367.814, 59.4623, -1.20015, 5690.55, 4.15596, 0.308455, 0.0211139, 1.06172, -0.000432525, -0.00388536, 59.4623, 14.8583, -0.0698425, 859.135, -0.0726055, -0.000432525, -0.00136743, -0.00388536, 0.0211139, 0.145105, -1.20015, -0.0698425, 2.27416, -20.1302, 367.814, 14.8583, 2.27416, 59.4623, -0.0698425, -1.20015, 5690.55, 859.135, -20.1302, 89619.4 " 
    sumQuadError: "  0.147125, 0, 0, 0.0118925, 0, -0.000240031, 1.13811, 0, 0, 0, 0.00594331, 0, 0.0118925, -1.39685e-05, 0, 0, 0.171827, 0, 0, 0, 0.000909663, 0, -1.39685e-05, -0.000240031, 0, 0, -0.00402605, 0.0118925, 0.0118925, 0, 0.0382672, -0.000120015, -6.98425e-06, 0.0859135, 0.569055, 0, 0, -1.39685e-05, -1.39685e-05, -0.000120015, 0.00171324, 0.00594623, 0, -0.00201302, 0.0859135, -0.000240031, 0, -0.000240031, -6.98425e-06, 0.00594623, 0.0370088, -0.00201302, 0, 0.569055, 1.13811, 0, 0, 0.0859135, 0, -0.00201302, 8.96194, 0, 0, 0, 0.171827, 0, 0.569055, -0.00201302, 0, 0, 8.96194, 0, 0, 0, -0.00402605, 0, 0.0859135, 0.569055, 0, 0, 8.96194 " 
  - id:  6
    quadExp:  " 3.79019, 1.79548, -5.19539, -9.69037, -0.0253176, -0.246722, 0.221885, 0.563571, 0.0194777, -0.0341397 " 
    error:  0.000264681
    planeExp:  " 0, 0, 0, 0, 0, 0, 0.935491, 0.343862, -0.0813341, -0.0846864 " 
    sumQuadDistribution: "  2.63444, 1.5083, 0.0147616, 1.9074, -0.00538204, -0.00462425, 36.6141, 26.9945, -0.0767732, 511.725, 1.5083, 1.17651, 0.00937473, 1.28934, -0.00738205, -0.00629006, 21.797, 19.0463, -0.105269, 317.995, 0.0147616, 0.00937473, 0.000148466, 0.0112583, -0.000107894, -9.21435e-05, 0.206613, 0.160952, -0.00153821, 2.91341, 1.9074, 1.28934, 0.0112583, 1.5083, -0.00629006, -0.00538204, 26.9945, 21.797, -0.0897107, 384.989, -0.00538204, -0.00738205, -0.000107894, -0.00629006, 0.00937473, 0.0112583, -0.0897107, -0.105269, 0.160952, -1.50124, -0.00462425, -0.00629006, -9.21435e-05, -0.00538204, 0.0112583, 0.0147616, -0.0767732, -0.0897107, 0.206613, -1.27957, 36.6141, 21.797, 0.206613, 26.9945, -0.0897107, -0.0767732, 511.725, 384.989, -1.27957, 7198.62, 26.9945, 19.0463, 0.160952, 21.797, -0.105269, -0.0897107, 384.989, 317.995, -1.50124, 5538.59, -0.0767732, -0.105269, -0.00153821, -0.0897107, 0.160952, 0.206613, -1.27957, -1.50124, 2.91341, -21.4107, 511.725, 317.995, 2.91341, 384.989, -1.50124, -1.27957, 7198.62, 5538.59, -21.4107, 102029 " 
    sumQuadError: "  0.20469, 0, 0, 0.0769979, 0, -0.000255914, 1.43972, 0, 0, 0, 0.127198, 0, 0.0769979, -0.000300248, 0, 0, 1.10772, 0, 0, 0, 0.00116536, 0, -0.000300248, -0.000255914, 0, 0, -0.00428214, 0.0769979, 0.0769979, 0, 0.082972, -0.000127957, -0.000150124, 0.553859, 0.719862, 0, 0, -0.000300248, -0.000300248, -0.000127957, 0.0320908, 0.0384989, 0, -0.00214107, 0.553859, -0.000255914, 0, -0.000255914, -0.000150124, 0.0384989, 0.0514638, -0.00214107, 0, 0.719862, 1.43972, 0, 0, 0.553859, 0, -0.00214107, 10.2029, 0, 0, 0, 1.10772, 0, 0.719862, -0.00214107, 0, 0, 10.2029, 0, 0, 0, -0.00428214, 0, 0.553859, 0.719862, 0, 0, 10.2029 " 
  - id:  7
    quadExp:  " 0, 0, 0, 0, 0, 0, -0.0925805, -0.542164, 0.835157, 0.0365991 " 
    error:  7.38912e-05
    planeExp:  " 0, 0, 0, 0, 0, 0, -0.0925805, -0.542164, 0.835157, 0.0365991 " 
    sumQuadDistribution: "  0.026748, 0.0344889, 0.000511657, 0.0303367, 0.00419818, 0.00369515, 0.432741, 0.491845, 0.0598632, 7.01464, 0.0344889, 0.0448972, 0.000664348, 0.0393032, 0.0054581, 0.00478112, 0.560362, 0.639958, 0.0777897, 9.12244, 0.000511657, 0.000664348, 9.87811e-06, 0.000582325, 8.0961e-05, 7.10114e-05, 0.00830051, 0.00946731, 0.00115361, 0.134923, 0.0303367, 0.0393032, 0.000582325, 0.0344889, 0.00478112, 0.00419818, 0.491845, 0.560362, 0.0681583, 7.9898, 0.00419818, 0.0054581, 8.0961e-05, 0.00478112, 0.000664348, 0.000582325, 0.0681583, 0.0777897, 0.00946731, 1.10874, 0.00369515, 0.00478112, 7.10114e-05, 0.00419818, 0.000582325, 0.000511657, 0.0598632, 0.0681583, 0.00830051, 0.971709, 0.432741, 0.560362, 0.00830051, 0.491845, 0.0681583, 0.0598632, 7.01464, 7.9898, 0.971709, 113.928, 0.491845, 0.639958, 0.00946731, 0.560362, 0.0777897, 0.0681583, 7.9898, 9.12244, 1.10874, 130.046, 0.0598632, 0.0777897, 0.00115361, 0.0681583, 0.00946731, 0.00830051, 0.971709, 1.10874, 0.134923, 15.804, 7.01464, 9.12244, 0.134923, 7.9898, 1.10874, 0.971709, 113.928, 130.046, 15.804, 1854.01 " 
    sumQuadError: "  0.00280586, 0, 0, 0.00159796, 0, 0.000194342, 0.0227857, 0, 0, 0, 0.00364898, 0, 0.00159796, 0.000221748, 0, 0, 0.0260093, 0, 0, 0, 5.3969e-05, 0, 0.000221748, 0.000194342, 0, 0, 0.0031608, 0.00159796, 0.00159796, 0, 0.00161371, 9.71709e-05, 0.000110874, 0.0130046, 0.0113928, 0, 0, 0.000221748, 0.000221748, 9.71709e-05, 0.000925736, 0.00079898, 0, 0.0015804, 0.0130046, 0.000194342, 0, 0.000194342, 0.000110874, 0.00079898, 0.000714956, 0.0015804, 0, 0.0113928, 0.0227857, 0, 0, 0.0130046, 0, 0.0015804, 0.185401, 0, 0, 0, 0.0260093, 0, 0.0113928, 0.0015804, 0, 0, 0.185401, 0, 0, 0, 0.0031608, 0, 0.0130046, 0.0113928, 0, 0, 0.185401 " 
clusterGroups:
  - [0]
  - [1]
  - [2,3]
  - [4,5,6,7]
faceClusterId: 
  - 0
  - 0
  - 0
  - 0
  - 0
  - 0
  - 0
  - 0
  - 0
  - 0
  - 0
  - 0
  - 0
  - 0
  - 0
  - 0
  - 0
  - 0
  - 0
  - 0
  - 0
  - 0
  - 0
  - 0
  - 0
  - 0
  - 0
  - 0
  - 0
  - 1
  - 1
  - 1
  - 0
  - 0
  - 0
  - 1
  - 0
  - 0
  - 0
  - 0
  - 0
  - 0
  - 0
  - 0
  - 0
  - 0
  - 0
  - 0
  - 0
  - 0
  - 0
  - 0
  - 0
  - 0
  - 0
  - 0
  - 0
  - 0
  - 0
  - 0
  - 0
  - 0
  - 0
  - 0
  - 0
  - 0
  - 0
  - 0
  - 0
  - 0
  - 0
  - 0
  - 0
  - 0
  - 0
  - 0
  - 0
  - 0
  - 0
  - 0
  - 0
  - 0
  - 0
  - 0
  - 0
  - 0
  - 0
  - 0
  - 0
  - 0
  - 0
  - 0
  - 0
  - 0
  - 0
  - 0
  - 0
  - 0
  - 0
  - 0
  - 0
  - 0
  - 0
  - 0
  - 0
  - 0
  - 0
  - 0
  - 0
  - 0
  - 0
  - 0
  - 1
  - 1
  - 1
  - 1
  - 1
  - 1
  - 1
  - 1
  - 1
  - 1
  - 1
  - 0
  - 0
  - 0
  - 0
  - 0
  - 0
  - 0
  - 0
  - 0
  - 0
  - 0
  - 0
  - 0
  - 0
  - 0
  - 0
  - 0
  - 0
  - 0
  - 0
  - 0
  - 0
  - 0
  - 0
  - 0
  - 0
  - 0
  - 0
  - 0
  - 0
  - 0
  - 0
  - 0
  - 0
  - 0
  - 0
  - 0
  - 0
  - 0
  - 0
  - 0
  - 0
  - 0
  - 0
  - 1
  - 0
  - 0
  - 0
  - 0
  - 0
  - 0
  - 0
  - 0
  - 0
  - 0
  - 0
  - 0
  - 0
  - 1
  - 0
  - 0
  - 0
  - 0
  - 0
  - 0
  - 0
  - 0
  - 0
  - 0
  - 0
  - 1
  - 0
  - 0
  - 0
  - 0
  - 0
  - 0
  - 0
  - 0
  - 0
  - 1
  - 0
  - 0
  - 0
  - 0
  - 0
  - 0
  - 0
  - 1
  - 0
  - 0
  - 0
  - 0
  - 0
  - 1
  - 1
  - 1
  - 1
  - 1
  - 1
  - 1
  - 0
  - 0
  - 0
  - 0
  - 0
  - 0
  - 0
  - 0
  - 0
  - 0
  - 0
  - 0
  - 0
  - 0
  - 0
  - 0
  - 0
  - 0
  - 0
  - 0
  - 0
  - 0
  - 0
  - 0
  - 0
  - 0
  - 0
  - 0
  - 0
  - 0
  - 0
  - 0
  - 0
  - 0
  - 0
  - 0
  - 0
  - 0
  - 0
  - 0
  - 0
  - 0
  - 0
  - 0
  - 0
  - 0
  - 0
  - 0
  - 0
  - 0
  - 0
  - 0
  - 0
  - 0
  - 0
  - 0
  - 0
  - 0
  - 0
  - 0
  - 0
  - 0
  - 0
  - 0
  - 0
  - 0
  - 0
  - 0
  - 0
  - 0
  - 0
  - 0
  - 0
  - 0
  - 0
  - 0
  - 0
  - 0
  - 0
  - 0
  - 0
  - 0
  - 0
  - 0
  - 0
  - 0
  - 0
  - 0
  - 0
  - 0
  - 0
  - 0
  - 0
  - 0
  - 0
  - 0
  - 0
  - 0
  - 0
  - 0
  - 0
  - 0
  - 0
  - 0
  - 0
  - 0
  - 0
  - 0
  - 0
  - 0
  - 0
  - 0
  - 0
  - 0
  - 0
  - 0
  - 0
  - 0
  - 0
  - 0
  - 0
  - 0
  - 0
  - 0
  - 0
  - 0
  - 0
  - 0
  - 0
  - 0
  - 0
  - 0
  - 0
  - 0
  - 0
  - 0
  - 0
  - 0
  - 0
  - 0
  - 0
  - 0
  - 0
  - 0
  - 0
  - 0
  - 0
  - 0
  - 0
  - 0
  - 0
  - 0
  - 0
  - 0
  - 0
  - 0
  - 0
  - 0
  - 0
  - 0
  - 0
  - 0
  - 0
  - 0
  - 0
  - 0
  - 0
  - 0
  - 0
  - 0
  - 0
  - 0
  - 0
  - 0
  - 0
  - 0
  - 0
  - 0
  - 0
  - 0
  - 0
  - 0
  - 0
  - 0
  - 0
  - 0
  - 0
  - 0
  - 0
  - 0
  - 0
  - 0
  - 0
  - 0
  - 0
  - 0
  - 0
  - 0
  - 0
  - 0
  - 0
  - 0
  - 0
  - 0
  - 0
  - 0
  - 0
  - 0
  - 0
  - 0
  - 0
  - 0
  - 0
  - 0
  - 0
  - 0
  - 0
  - 0
  - 0
  - 0
  - 0
  - 0
  - 0
  - 0
  - 0
  - 0
  - 0
  - 0
  - 0
  - 0
  - 0
  - 0
  - 0
  - 0
  - 0
  - 0
  - 0
  - 0
  - 0
  - 0
  - 0
  - 0
  - 0
  - 0
  - 0
  - 0
  - 0
  - 0
  - 0
  - 0
  - 0
  - 0
  - 0
  - 0
  - 0
  - 0
  - 0
  - 0
  - 0
  - 0
  - 0
  - 0
  - 0
  - 0
  - 0
  - 0
  - 0
  - 0
  - 0
  - 0
  - 0
  - 0
  - 0
  - 0
  - 0
  - 0
  - 0
  - 0
  - 0
  - 0
  - 0
  - 0
  - 0
  - 0
  - 0
  - 0
  - 0
  - 1
  - 1
  - 1
  - 1
  - 1
  - 0
  - 0
  - 0
  - 0
  - 0
  - 0
  - 0
  - 0
  - 0
  - 0
  - 0
  - 0
  - 0
  - 0
  - 0
  - 0
  - 0
  - 0
  - 0
  - 0
  - 0
  - 0
  - 0
  - 0
  - 0
  - 1
  - 1
  - 1
  - 1
  - 1
  - 0
  - 0
  - 0
  - 0
  - 0
  - 0
  - 0
  - 0
  - 0
  - 0
  - 0
  - 0
  - 0
  - 0
  - 0
  - 0
  - 0
  - 0
  - 0
  - 0
  - 0
  - 0
  - 0
  - 0
  - 0
  - 0
  - 0
  - 1
  - 0
  - 0
  - 0
  - 0
  - 0
  - 0
  - 0
  - 0
  - 0
  - 0
  - 1
  - 1
  - 1
  - 1
  - 1
  - 1
  - 0
  - 0
  - 0
  - 0
  - 0
  - 0
  - 1
  - 1
  - 0
  - 1
  - 1
  - 1
  - 1
  - 1
  - 1
  - 1
  - 1
  - 1
  - 1
  - 1
  - 1
  - 0
  - 0
  - 0
  - 0
  - 0
  - 0
  - 0
  - 0
  - 0
  - 0
  - 0
  - 0
  - 0
  - 0
  - 0
  - 0
  - 0
  - 0
  - 0
  - 0
  - 0
  - 0
  - 0
  - 0
  - 0
  - 0
  - 0
  - 0
  - 0
  - 0
  - 0
  - 0
  - 0
  - 0
  - 0
  - 0
  - 0
  - 0
  - 0
  - 0
  - 0
  - 0
  - 0
  - 0
  - 0
  - 0
  - 0
  - 0
  - 0
  - 0
  - 0
  - 0
  - 0
  - 0
  - 0
  - 0
  - 0
  - 0
  - 0
  - 0
  - 0
  - 0
  - 0
  - 0
  - 0
  - 0
  - 0
  - 0
  - 0
  - 0
  - 0
  - 0
  - 0
  - 0
  - 0
  - 0
  - 0
  - 0
  - 0
  - 0
  - 0
  - 0
  - 0
  - 0
  - 0
  - 0
  - 0
  - 0
  - 0
  - 0
  - 0
  - 0
  - 0
  - 0
  - 0
  - 0
  - 0
  - 0
  - 0
  - 0
  - 0
  - 0
  - 0
  - 0
  - 0
  - 0
  - 0
  - 0
  - 0
  - 0
  - 0
  - 0
  - 0
  - 0
  - 0
  - 0
  - 0
  - 0
  - 0
  - 0
  - 0
  - 0
  - 0
  - 0
  - 0
  - 0
  - 0
  - 0
  - 0
  - 0
  - 0
  - 0
  - 0
  - 0
  - 0
  - 0
  - 0
  - 0
  - 0
  - 0
  - 0
  - 0
  - 0
  - 0
  - 0
  - 0
  - 0
  - 0
  - 0
  - 0
  - 0
  - 0
  - 0
  - 0
  - 0
  - 0
  - 0
  - 0
  - 0
  - 0
  - 0
  - 0
  - 0
  - 0
  - 0
  - 0
  - 0
  - 0
  - 0
  - 0
  - 0
  - 0
  - 0
  - 0
  - 0
  - 0
  - 0
  - 0
  - 0
  - 0
  - 0
  - 0
  - 0
  - 0
  - 0
  - 0
  - 0
  - 0
  - 0
  - 0
  - 0
  - 0
  - 0
  - 0
  - 0
  - 0
  - 0
  - 0
  - 0
  - 0
  - 0
  - 0
  - 0
  - 0
  - 0
  - 0
  - 0
  - 0
  - 0
  - 0
  - 0
  - 0
  - 0
  - 0
  - 0
  - 0
  - 0
  - 0
  - 0
  - 0
  - 0
  - 0
  - 0
  - 0
  - 0
  - 0
  - 0
  - 0
  - 0
  - 0
  - 0
  - 0
  - 0
  - 0
  - 0
  - 0
  - 0
  - 0
  - 0
  - 0
  - 0
  - 0
  - 0
  - 0
  - 0
  - 0
  - 0
  - 0
  - 0
  - 0
  - 0
  - 0
  - 0
  - 0
  - 0
  - 0
  - 0
  - 0
  - 0
  - 0
  - 0
  - 0
  - 0
  - 0
  - 0
  - 0
  - 0
  - 0
  - 0
  - 0
  - 0
  - 0
  - 0
  - 0
  - 0
  - 0
  - 0
  - 0
  - 0
  - 0
  - 0
  - 0
  - 0
  - 0
  - 0
  - 0
  - 0
  - 0
  - 0
  - 0
  - 0
  - 0
  - 0
  - 0
  - 0
  - 0
  - 0
  - 0
  - 0
  - 0
  - 0
  - 0
  - 0
  - 0
  - 0
  - 0
  - 0
  - 0
  - 0
  - 0
  - 0
  - 0
  - 0
  - 0
  - 0
  - 0
  - 0
  - 0
  - 0
  - 0
  - 0
  - 0
  - 0
  - 0
  - 0
  - 0
  - 0
  - 0
  - 0
  - 0
  - 0
  - 0
  - 0
  - 0
  - 0
  - 0
  - 0
  - 0
  - 0
  - 0
  - 0
  - 0
  - 0
  - 0
  - 0
  - 0
  - 0
  - 0
  - 0
  - 0
  - 0
  - 0
  - 0
  - 0
  - 0
  - 0
  - 0
  - 0
  - 0
  - 0
  - 0
  - 0
  - 0
  - 0
  - 0
  - 0
  - 0
  - 0
  - 0
  - 0
  - 0
  - 0
  - 0
  - 0
  - 0
  - 0
  - 0
  - 0
  - 0
  - 0
  - 0
  - 0
  - 0
  - 0
  - 0
  - 0
  - 0
  - 0
  - 0
  - 0
  - 0
  - 0
  - 0
  - 0
  - 0
  - 0
  - 0
  - 0
  - 0
  - 0
  - 0
  - 0
  - 0
  - 0
  - 0
  - 0
  - 0
  - 0
  - 0
  - 0
  - 0
  - 0
  - 0
  - 0
  - 0
  - 0
  - 0
  - 0
  - 0
  - 0
  - 0
  - 0
  - 0
  - 0
  - 0
  - 0
  - 0
  - 0
  - 0
  - 0
  - 0
  - 0
  - 0
  - 0
  - 0
  - 0
  - 0
  - 0
  - 0
  - 0
  - 0
  - 0
  - 0
  - 0
  - 0
  - 0
  - 0
  - 0
  - 0
  - 0
  - 0
  - 0
  - 0
  - 0
  - 0
  - 0
  - 0
  - 0
  - 0
  - 0
  - 0
  - 0
  - 0
  - 0
  - 0
  - 0
  - 0
  - 0
  - 0
  - 0
  - 0
  - 0
  - 0
  - 0
  - 0
  - 0
  - 0
  - 0
  - 0
  - 0
  - 0
  - 0
  - 0
  - 0
  - 0
  - 0
  - 0
  - 0
  - 0
  - 0
  - 0
  - 0
  - 0
  - 0
  - 0
  - 0
  - 0
  - 0
  - 0
  - 0
  - 0
  - 0
  - 0
  - 0
  - 0
  - 0
  - 0
  - 0
  - 0
  - 0
  - 0
  - 0
  - 0
  - 0
  - 0
  - 0
  - 0
  - 0
  - 0
  - 0
  - 0
  - 0
  - 0
  - 0
  - 0
  - 0
  - 0
  - 0
  - 0
  - 0
  - 0
  - 0
  - 0
  - 0
  - 0
  - 0
  - 0
  - 0
  - 0
  - 0
  - 0
  - 0
  - 0
  - 0
  - 0
  - 0
  - 0
  - 0
  - 0
  - 0
  - 0
  - 0
  - 0
  - 0
  - 0
  - 0
  - 0
  - 0
  - 0
  - 0
  - 0
  - 0
  - 0
  - 0
  - 0
  - 0
  - 0
  - 0
  - 0
  - 0
  - 0
  - 0
  - 0
  - 0
  - 0
  - 0
  - 0
  - 0
  - 0
  - 0
  - 0
  - 0
  - 0
  - 0
  - 0
  - 0
  - 0
  - 0
  - 0
  - 0
  - 0
  - 0
  - 0
  - 0
  - 0
  - 0
  - 0
  - 0
  - 0
  - 0
  - 0
  - 0
  - 0
  - 0
  - 0
  - 0
  - 0
  - 0
  - 0
  - 0
  - 0
  - 0
  - 0
  - 0
  - 0
  - 0
  - 0
  - 0
  - 0
  - 0
  - 0
  - 0
  - 0
  - 0
  - 0
  - 0
  - 0
  - 0
  - 0
  - 0
  - 0
  - 0
  - 0
  - 0
  - 0
  - 0
  - 0
  - 0
  - 0
  - 0
  - 0
  - 0
  - 0
  - 0
  - 0
  - 0
  - 0
  - 0
  - 0
  - 0
  - 0
  - 0
  - 0
  - 0
  - 0
  - 0
  - 0
  - 0
  - 0
  - 0
  - 0
  - 1
  - 1
  - 1
  - 1
  - 1
  - 1
  - 1
  - 1
  - 0
  - 1
  - 0
  - 0
  - 0
  - 1
  - 0
  - 0
  - 0
  - 0
  - 0
  - 0
  - 0
  - 0
  - 0
  - 0
  - 0
  - 0
  - 0
  - 0
  - 0
  - 0
  - 0
  - 0
  - 0
  - 0
  - 0
  - 0
  - 0
  - 0
  - 0
  - 0
  - 0
  - 0
  - 0
  - 0
  - 0
  - 0
  - 0
  - 0
  - 0
  - 0
  - 0
  - 0
  - 0
  - 0
  - 0
  - 0
  - 0
  - 0
  - 0
  - 0
  - 0
  - 0
  - 0
  - 0
  - 0
  - 0
  - 0
  - 0
  - 0
  - 0
  - 0
  - 0
  - 0
  - 0
  - 0
  - 0
  - 0
  - 0
  - 0
  - 0
  - 0
  - 0
  - 0
  - 0
  - 0
  - 0
  - 0
  - 0
  - 0
  - 0
  - 0
  - 0
  - 0
  - 0
  - 0
  - 0
  - 0
  - 0
  - 0
  - 0
  - 0
  - 0
  - 0
  - 0
  - 0
  - 0
  - 0
  - 0
  - 0
  - 0
  - 0
  - 0
  - 0
  - 0
  - 0
  - 0
  - 0
  - 0
  - 0
  - 0
  - 0
  - 0
  - 0
  - 0
  - 0
  - 0
  - 0
  - 0
  - 0
  - 0
  - 0
  - 0
  - 0
  - 0
  - 0
  - 0
  - 0
  - 0
  - 0
  - 0
  - 0
  - 0
  - 0
  - 5
  - 5
  - 5
  - 5
  - 5
  - 5
  - 5
  - 5
  - 5
  - 5
  - 5
  - 5
  - 0
  - 0
  - 0
  - 0
  - 0
  - 0
  - 0
  - 0
  - 0
  - 0
  - 0
  - 0
  - 0
  - 0
  - 0
  - 0
  - 0
  - 0
  - 0
  - 0
  - 0
  - 0
  - 0
  - 0
  - 0
  - 0
  - 0
  - 0
  - 0
  - 0
  - 0
  - 0
  - 0
  - 0
  - 0
  - 0
  - 0
  - 0
  - 0
  - 0
  - 0
  - 5
  - 5
  - 5
  - 5
  - 5
  - 5
  - 5
  - 5
  - 5
  - 5
  - 5
  - 5
  - 5
  - 5
  - 5
  - 5
  - 5
  - 5
  - 5
  - 5
  - 5
  - 5
  - 0
  - 0
  - 0
  - 0
  - 5
  - 5
  - 5
  - 5
  - 5
  - 5
  - 4
  - 4
  - 4
  - 4
  - 4
  - 4
  - 4
  - 4
  - 4
  - 4
  - 4
  - 4
  - 4
  - 4
  - 4
  - 4
  - 4
  - 4
  - 4
  - 4
  - 4
  - 4
  - 6
  - 6
  - 6
  - 6
  - 6
  - 6
  - 6
  - 6
  - 7
  - 7
  - 7
  - 7
  - 4
  - 4
  - 0
  - 0
  - 0
  - 0
  - 0
  - 0
  - 0
  - 0
  - 0
  - 0
  - 0
  - 0
  - 0
  - 0
  - 5
  - 5
  - 5
  - 5
  - 5
  - 5
  - 4
  - 4
  - 4
  - 4
  - 4
  - 4
  - 4
  - 4
  - 4
  - 4
  - 4
  - 4
  - 4
  - 4
  - 4
  - 4
  - 4
  - 4
  - 4
  - 4
  - 4
  - 4
  - 6
  - 6
  - 6
  - 6
  - 4
  - 4
  - 4
  - 4
  - 7
  - 7
  - 7
  - 7
  - 4
  - 4
  - 0
  - 0
  - 0
  - 0
  - 0
  - 0
  - 0
  - 0
  - 0
  - 0
  - 0
  - 0
  - 0
  - 0
  - 0
  - 0
  - 0
  - 0
  - 0
  - 0
  - 4
  - 4
  - 4
  - 4
  - 4
  - 4
  - 4
  - 4
  - 4
  - 4
  - 4
  - 4
  - 4
  - 4
  - 4
  - 4
  - 4
  - 4
  - 4
  - 4
  - 4
  - 4
  - 4
  - 4
  - 4
  - 4
  - 4
  - 4
  - 4
  - 4
  - 4
  - 4
  - 4
  - 4
  - 4
  - 4
  - 0
  - 0
  - 0
  - 0
  - 0
  - 0
  - 0
  - 0
  - 0
  - 0
  - 0
  - 0
  - 0
  - 0
  - 0
  - 0
  - 0
  - 0
  - 0
  - 5
  - 5
  - 5
  - 0
  - 0
  - 0
  - 0
  - 5
  - 5
  - 5
  - 5
  - 0
  - 0
  - 0
  - 4
  - 0
  - 0
  - 0
  - 0
  - 0
  - 0
  - 0
  - 0
  - 0
  - 0
  - 0
  - 0
  - 0
  - 0
  - 0
  - 5
  - 5
  - 5
  - 5
  - 0
  - 0
  - 0
  - 0
  - 0
  - 0
  - 0
  - 0
  - 0
  - 0
  - 0
  - 0
  - 0
  - 4
  - 4
  - 4
  - 4
  - 4
  - 4
  - 4
  - 4
  - 4
  - 4
  - 4
  - 4
  - 4
  - 4
  - 4
  - 4
  - 4
  - 4
  - 4
  - 4
  - 4
  - 4
  - 4
  - 4
  - 4
  - 4
  - 4
  - 4
  - 4
  - 4
  - 4
  - 4
  - 4
  - 4
  - 4
  - 4
  - 4
  - 4
  - 0
  - 0
  - 0
  - 0
  - 0
  - 0
  - 0
  - 0
  - 0
  - 4
  - 4
  - 4
  - 4
  - 4
  - 4
  - 4
  - 4
  - 4
  - 4
  - 4
  - 4
  - 4
  - 4
  - 4
  - 4
  - 4
  - 4
  - 4
  - 4
  - 4
  - 4
  - 4
  - 4
  - 4
  - 4
  - 4
  - 4
  - 4
  - 4
  - 4
  - 4
  - 4
  - 4
  - 4
  - 4
  - 4
  - 4
  - 5
  - 5
  - 5
  - 5
  - 5
  - 5
  - 5
  - 5
  - 5
  - 5
  - 5
  - 5
  - 5
  - 5
  - 5
  - 5
  - 5
  - 5
  - 5
  - 5
  - 5
  - 5
  - 5
  - 5
  - 5
  - 5
  - 5
  - 5
  - 5
  - 5
  - 5
  - 5
  - 5
  - 5
  - 5
  - 5
  - 5
  - 5
  - 5
  - 0
  - 4
  - 4
  - 4
  - 4
  - 4
  - 4
  - 4
  - 4
  - 4
  - 4
  - 4
  - 4
  - 4
  - 4
  - 4
  - 4
  - 4
  - 4
  - 4
  - 4
  - 4
  - 4
  - 4
  - 4
  - 4
  - 5
  - 5
  - 0
  - 0
  - 4
  - 4
  - 0
  - 0
  - 0
  - 0
  - 4
  - 4
  - 4
  - 4
  - 4
  - 4
  - 4
  - 4
  - 4
  - 4
  - 4
  - 4
  - 4
  - 4
  - 4
  - 4
  - 4
  - 4
  - 4
  - 4
  - 4
  - 5
  - 0
  - 0
  - 0
  - 0
  - 0
  - 0
  - 0
  - 0
  - 0
  - 0
  - 0
  - 0
  - 0
  - 0
  - 0
  - 0
  - 0
  - 0
  - 0
  - 0
  - 0
  - 0
  - 0
  - 0
  - 0
  - 0
  - 0
  - 0
  - 0
  - 0
  - 0
  - 0
  - 0
  - 0
  - 0
  - 0
  - 0
  - 0
  - 0
  - 5
  - 5
  - 5
  - 5
  - 5
  - 4
  - 4
  - 4
  - 4
  - 4
  - 4
  - 4
  - 4
  - 4
  - 4
  - 4
  - 4
  - 4
  - 4
  - 4
  - 4
  - 4
  - 4
  - 4
  - 4
  - 4
  - 4
  - 4
  - 4
  - 4
  - 4
  - 4
  - 0
  - 0
  - 0
  - 0
  - 0
  - 0
  - 0
  - 0
  - 0
  - 0
  - 0
  - 4
  - 4
  - 4
  - 4
  - 0
  - 5
  - 5
  - 5
  - 5
  - 5
  - 5
  - 5
  - 5
  - 5
  - 5
  - 5
  - 5
  - 5
  - 5
  - 5
  - 5
  - 6
  - 6
  - 6
  - 6
  - 6
  - 6
  - 6
  - 6
  - 6
  - 6
  - 6
  - 6
  - 6
  - 6
  - 6
  - 6
  - 6
  - 6
  - 6
  - 6
  - 5
  - 5
  - 5
  - 5
  - 5
  - 5
  - 5
  - 5
  - 5
  - 5
  - 5
  - 5
  - 5
  - 5
  - 5
  - 5
  - 6
  - 6
  - 6
  - 6
  - 6
  - 6
  - 6
  - 6
  - 6
  - 6
  - 6
  - 6
  - 6
  - 6
  - 6
  - 6
  - 6
  - 6
  - 6
  - 5
  - 5
  - 5
  - 5
  - 5
  - 5
  - 5
  - 5
  - 5
  - 5
  - 5
  - 5
  - 5
  - 5
  - 5
  - 5
  - 5
  - 5
  - 5
  - 5
  - 5
  - 5
  - 5
  - 5
  - 5
  - 5
  - 5
  - 5
  - 5
  - 5
  - 5
  - 5
  - 5
  - 5
  - 5
  - 5
  - 4
  - 4
  - 4
  - 5
  - 4
  - 4
  - 4
  - 4
  - 4
  - 4
  - 4
  - 4
  - 4
  - 4
  - 4
  - 4
  - 4
  - 4
  - 4
  - 4
  - 4
  - 4
  - 4
  - 4
  - 4
  - 4
  - 4
  - 4
  - 4
  - 4
  - 4
  - 4
  - 4
  - 4
  - 4
  - 4
  - 4
  - 4
  - 4
  - 4
  - 4
  - 4
  - 4
  - 4
  - 4
  - 4
  - 4
  - 4
  - 4
  - 4
  - 4
  - 4
  - 4
  - 4
  - 4
  - 4
  - 4
  - 4
  - 4
  - 4
  - 4
  - 4
  - 4
  - 4
  - 4
  - 4
  - 4
  - 4
  - 4
  - 4
  - 4
  - 4
  - 4
  - 4
  - 4
  - 4
  - 4
  - 4
  - 4
  - 4
  - 4
  - 4
  - 4
  - 4
  - 5
  - 4
  - 4
  - 5
  - 5
  - 5
  - 5
  - 4
  - 5
  - 4
  - 4
  - 4
  - 4
  - 4
  - 4
  - 4
  - 4
  - 4
  - 4
  - 4
  - 4
  - 5
  - 5
  - 5
  - 5
  - 5
  - 5
  - 5
  - 5
  - 5
  - 5
  - 5
  - 5
  - 5
  - 5
  - 5
  - 4
  - 4
  - 4
  - 4
  - 4
  - 4
  - 4
  - 4
  - 4
  - 4
  - 4
  - 4
  - 4
  - 4
  - 4
  - 4
  - 4
  - 4
  - 4
  - 4
  - 4
  - 4
  - 4
  - 4
  - 4
  - 5
  - 5
  - 5
  - 5
  - 5
  - 5
  - 5
  - 5
  - 4
  - 4
  - 4
  - 4
  - 4
  - 4
  - 4
  - 4
  - 4
  - 4
  - 4
  - 4
  - 4
  - 4
  - 4
  - 4
  - 4
  - 4
  - 4
  - 4
  - 4
  - 4
  - 4
  - 4
  - 4
  - 4
  - 4
  - 4
  - 5
  - 5
  - 4
  - 4
  - 5
  - 5
  - 5
  - 6
  - 6
  - 6
  - 4
  - 4
  - 4
  - 4
  - 4
  - 4
  - 4
  - 4
  - 5
  - 6
  - 6
  - 6
  - 6
  - 6
  - 4
  - 4
  - 4
  - 4
  - 6
  - 6
  - 6
  - 6
  - 6
  - 6
  - 6
  - 6
  - 6
  - 4
  - 4
  - 6
  - 6
  - 6
  - 6
  - 4
  - 4
  - 4
  - 4
  - 4
  - 4
  - 6
  - 6
  - 6
  - 6
  - 4
  - 4
  - 4
  - 4
  - 4
  - 4
  - 6
  - 6
  - 6
  - 6
  - 6
  - 6
  - 6
  - 6
  - 4
  - 4
  - 4
  - 4
  - 4
  - 4
  - 4
  - 4
  - 4
  - 4
  - 4
  - 6
  - 6
  - 6
  - 6
  - 6
  - 6
  - 6
  - 6
  - 4
  - 4
  - 4
  - 6
  - 6
  - 6
  - 6
  - 4
  - 6
  - 6
  - 6
  - 6
  - 6
  - 6
  - 6
  - 6
  - 6
  - 6
  - 6
  - 6
  - 6
  - 6
  - 6
  - 6
  - 6
  - 6
  - 6
  - 6
  - 6
  - 6
  - 6
  - 6
  - 6
  - 6
  - 6
  - 6
  - 6
  - 6
  - 6
  - 6
  - 6
  - 6
  - 6
  - 6
  - 6
  - 6
  - 4
  - 4
  - 4
  - 4
  - 4
  - 4
  - 4
  - 4
  - 4
  - 4
  - 4
  - 4
  - 4
  - 4
  - 4
  - 4
  - 4
  - 4
  - 4
  - 4
  - 4
  - 4
  - 4
  - 4
  - 4
  - 4
  - 4
  - 4
  - 4
  - 4
  - 4
  - 4
  - 4
  - 4
  - 4
  - 4
  - 4
  - 6
  - 6
  - 6
  - 6
  - 6
  - 6
  - 6
  - 6
  - 6
  - 6
  - 6
  - 6
  - 0
  - 0
  - 0
  - 0
  - 0
  - 0
  - 0
  - 0
  - 0
  - 0
  - 4
  - 4
  - 0
  - 0
  - 4
  - 4
  - 0
  - 0
  - 0
  - 0
  - 0
  - 0
  - 0
  - 0
  - 0
  - 0
  - 0
  - 0
  - 0
  - 0
  - 0
  - 0
  - 0
  - 0
  - 0
  - 4
  - 4
  - 0
  - 0
  - 0
  - 4
  - 4
  - 0
  - 0
  - 0
  - 0
  - 0
  - 0
  - 0
  - 0
  - 4
  - 4
  - 4
  - 0
  - 0
  - 0
  - 0
  - 0
  - 4
  - 4
  - 0
  - 0
  - 0
  - 0
  - 0
  - 0
  - 0
  - 0
  - 0
  - 4
  - 4
  - 0
  - 0
  - 0
  - 0
  - 0
  - 0
  - 0
  - 0
  - 0
  - 0
  - 0
  - 0
  - 0
  - 0
  - 0
  - 0
  - 0
  - 0
  - 0
  - 0
  - 0
  - 0
  - 0
  - 0
  - 0
  - 0
  - 0
  - 0
  - 0
  - 0
  - 0
  - 0
  - 0
  - 0
  - 0
  - 0
  - 0
  - 0
  - 0
  - 4
  - 4
  - 0
  - 0
  - 0
  - 0
  - 0
  - 0
  - 0
  - 0
  - 0
  - 0
  - 0
  - 0
  - 0
  - 0
  - 0
  - 0
  - 0
  - 0
  - 0
  - 0
  - 4
  - 4
  - 0
  - 0
  - 0
  - 0
  - 0
  - 0
  - 0
  - 0
  - 0
  - 0
  - 0
  - 0
  - 0
  - 0
  - 0
  - 0
  - 0
  - 4
  - 4
  - 4
  - 4
  - 4
  - 4
  - 4
  - 4
  - 4
  - 4
  - 4
  - 4
  - 6
  - 6
  - 6
  - 6
  - 6
  - 6
  - 4
  - 4
  - 4
  - 4
  - 6
  - 6
  - 6
  - 6
  - 4
  - 4
  - 4
  - 4
  - 4
  - 4
  - 4
  - 4
  - 4
  - 4
  - 4
  - 4
  - 4
  - 4
  - 4
  - 4
  - 4
  - 4
  - 4
  - 4
  - 4
  - 4
  - 4
  - 4
  - 4
  - 4
  - 4
  - 4
  - 4
  - 4
  - 4
  - 4
  - 4
  - 0
  - 4
  - 4
  - 4
  - 0
  - 0
  - 0
  - 0
  - 0
  - 0
  - 0
  - 0
  - 0
  - 0
  - 0
  - 0
  - 0
  - 0
  - 0
  - 0
  - 0
  - 0
  - 0
  - 0
  - 0
  - 0
  - 0
  - 0
  - 0
  - 0
  - 0
  - 0
  - 0
  - 0
  - 0
  - 0
  - 0
  - 0
  - 0
  - 0
  - 0
  - 0
  - 0
  - 0
  - 0
  - 0
  - 0
  - 0
  - 0
  - 0
  - 0
  - 0
  - 0
  - 0
  - 0
  - 0
  - 0
  - 0
  - 0
  - 0
  - 0
  - 0
  - 0
  - 0
  - 0
  - 0
  - 0
  - 0
  - 0
  - 0
  - 0
  - 0
  - 0
  - 0
  - 0
  - 0
  - 0
  - 0
  - 0
  - 0
  - 0
  - 0
  - 0
  - 0
  - 0
  - 0
  - 0
  - 0
  - 0
  - 0
  - 0
  - 2
  - 2
  - 2
  - 2
  - 2
  - 2
  - 2
  - 2
  - 2
  - 2
  - 2
  - 2
  - 2
  - 2
  - 2
  - 2
  - 2
  - 2
  - 2
  - 2
  - 2
  - 2
  - 2
  - 2
  - 2
  - 2
  - 2
  - 2
  - 2
  - 2
  - 2
  - 2
  - 2
  - 2
  - 2
  - 2
  - 2
  - 2
  - 2
  - 2
  - 2
  - 2
  - 2
  - 2
  - 2
  - 2
  - 2
  - 2
  - 2
  - 2
  - 2
  - 2
  - 2
  - 2
  - 2
  - 2
  - 2
  - 2
  - 2
  - 2
  - 3
  - 3
  - 3
  - 3
  - 3
  - 3
  - 3
  - 3
  - 3
  - 3
  - 3
  - 3
  - 3
  - 3
  - 3
  - 3
  - 3
  - 3
  - 3
  - 3
  - 3
  - 3
  - 3
  - 3
  - 3
  - 3
  - 3
  - 3
  - 3
  - 3
  - 3
  - 3
  - 3
  - 3
  - 3
  - 3
  - 3
  - 3
  - 3
  - 3
  - 3
  - 3
  - 3
  - 3
  - 3
  - 3
  - 3
  - 3
  - 3
  - 3
  - 3
  - 3
  - 3
  - 3
  - 3
  - 3
  - 3
  - 3
  - 3
  - 3
  - 3
  - 3
  - 3
  - 3
  - 3
  - 3
  - 3
  - 3
  - 3
  - 3
  - 3
  - 3
  - 3
  - 3
  - 3
  - 3
  - 3
  - 3
  - 3
  - 3
  - 3
  - 3
  - 3
  - 3
  - 3
  - 3
  - 3
  - 3
  - 3
  - 3
  - 3
  - 3
  - 3
  - 3
  - 3
  - 3
  - 3
  - 3
  - 3
  - 3
  - 3
  - 3
  - 3
  - 3
  - 3
  - 3
  - 3
  - 3
  - 3
  - 3
  - 3
  - 3
  - 3
  - 3
  - 3
  - 3
  - 3
  - 3
  - 3
  - 3
  - 3
  - 3
  - 3
  - 3
  - 3
  - 3
  - 3
  - 3
  - 3
  - 3
  - 3
  - 3
  - 3
  - 3
  - 3
  - 3
  - 3
  - 3
  - 3
  - 3
  - 3
  - 3
  - 3
  - 3
  - 3
  - 3
  - 3
  - 3
  - 3
  - 3
  - 3
  - 3
  - 3
  - 3
  - 3
  - 3
  - 3
  - 3
  - 3
  - 3
  - 3
  - 3
  - 3
  - 3
  - 3
  - 3
  - 3
  - 3
  - 3
  - 3
  - 3
  - 3
  - 3
  - 3
  - 3
  - 3
  - 3
  - 3
  - 3
  - 3
  - 3
  - 3
  - 3
  - 3
  - 3
  - 3
  - 3
  - 3
  - 3
  - 3
  - 3
  - 3
  - 3
  - 3
  - 3
  - 3
  - 3
  - 3
  - 3
  - 3
  - 3
  - 3
  - 3
  - 3
  - 3
  - 3
  - 3
  - 3
  - 3
  - 3
  - 3
  - 3
  - 3
  - 3
  - 3
  - 3
  - 3
  - 3
  - 3
  - 3
  - 3
  - 3
  - 3
  - 3
  - 3
  - 3
  - 3
  - 3
  - 3
  - 3
  - 3
  - 3
  - 3
  - 3
  - 3
  - 3
  - 3
  - 3
  - 3
  - 3
  - 3
  - 3
  - 3
  - 3
  - 3
  - 3
  - 3
  - 3
  - 3
  - 3
  - 3
  - 3
  - 3
  - 3
  - 3
  - 3
  - 3
  - 3
  - 3
  - 3
  - 3
  - 3
  - 3
  - 3
  - 3
  - 3
  - 3
  - 3
  - 3
  - 3
  - 3
  - 3
  - 3
  - 3
  - 3
  - 3
  - 3
  - 3
  - 3
  - 3
  - 3
  - 3
  - 3
  - 3
  - 3
  - 3
  - 3
  - 3
  - 3
  - 3
  - 3
  - 3
  - 3
  - 3
  - 3
  - 3
  - 3
  - 3
  - 3
  - 3
  - 3
  - 3
  - 3
  - 3
  - 3
  - 3
  - 3
  - 3
  - 3
  - 3
  - 3
  - 3
  - 3
  - 3
  - 3
  - 3
  - 3
  - 3
  - 3
  - 3
  - 3
  - 3
  - 3
  - 3
  - 3
  - 3
  - 3
  - 3
  - 3
  - 3
  - 3
  - 3
  - 3
  - 3
  - 3
  - 3
  - 3
  - 3
  - 3
  - 3
  - 3
  - 3
  - 3
  - 3
  - 3
  - 3
  - 3
  - 3
  - 3
  - 3
  - 3
  - 3
  - 3
  - 3
  - 3
  - 3
  - 3
  - 3
  - 3
  - 3
  - 3
  - 3
  - 3
  - 3
  - 3
  - 3
  - 3
  - 3
  - 3
  - 3
  - 3
  - 3
  - 3
  - 3
  - 3
  - 3
  - 3
  - 3
  - 3
  - 3
  - 3
  - 3
  - 3
  - 3
  - 3
  - 3
  - 3
  - 3
  - 3
  - 3
  - 3
  - 3
  - 3
  - 3
  - 3
  - 3
  - 3
  - 3
  - 3
  - 3
  - 3
  - 3
  - 3
  - 3
  - 3
  - 3
  - 3
  - 3
  - 3
  - 3
  - 3
  - 3
  - 3
  - 3
  - 3
  - 3
  - 3
  - 3
  - 3
  - 3
  - 3
  - 3
  - 3
  - 3
  - 3
  - 3
  - 3
  - 3
  - 3
  - 3
  - 3
  - 3
  - 3
  - 3
  - 3
  - 3
  - 3
  - 3
  - 3
  - 3
  - 3
  - 3
  - 3
  - 3
  - 3
  - 3
  - 3
  - 3
  - 0
  - 0
  - 0
  - 0
  - 0
  - 0
  - 0
  - 0
  - 0
  - 0
  - 0
  - 0
  - 0
  - 4
  - 4
  - 4
  - 4
  - 4
  - 4
  - 4
  - 4
  - 4
  - 4
  - 4
  - 4
  - 4
  - 4
  - 4
  - 4
  - 4
  - 4
  - 4
  - 4
  - 4
  - 4
  - 4
  - 4
  - 4
  - 4
  - 4
  - 4
  - 4
  - 4
  - 4
  - 4
  - 4
  - 4
  - 4
  - 4
  - 4
  - 4
  - 4
  - 4
  - 4
  - 4
  - 4
  - 4
  - 4
  - 4
  - 4
  - 4
  - 4
  - 4
  - 4
  - 4
  - 4
  - 4
  - 4
  - 4
  - 4
  - 4
  - 4
  - 4
  - 4
  - 4
  - 4
  - 4
  - 4
  - 4
  - 4
  - 4
  - 4
  - 4
  - 4
  - 4
  - 4
  - 4
  - 4
  - 4
  - 4
  - 4
  - 4
  - 4
  - 4
  - 4
  - 4
  - 4
  - 4
  - 4
  - 4
  - 4
  - 4
  - 4
  - 4
  - 4
  - 4
  - 4
  - 4
  - 4
  - 4
  - 4
  - 4
  - 4
  - 4
  - 4
  - 4
  - 4
  - 4
  - 4
  - 4
  - 4
  - 4
  - 4
  - 4
  - 0
  - 0
  - 4
  - 4
  - 0
  - 0
  - 0
  - 0
  - 0
  - 0
  - 0
  - 0
  - 0
  - 0
  - 0
  - 0
  - 0
  - 0
  - 0
  - 0
  - 0
  - 0
  - 0
  - 0
  - 0
  - 0
  - 0
  - 0
  - 0
  - 0
  - 0
  - 0
  - 0
  - 0
  - 0
  - 0
  - 0
  - 0
  - 0
  - 0
  - 0
  - 0
  - 0
  - 0
  - 0
  - 0
  - 0
  - 0
  - 0
  - 0
  - 0
  - 0
  - 0
  - 0
  - 0
  - 0
  - 0
  - 0
  - 0
  - 0
  - 0
  - 0
  - 0
  - 0
  - 0
