# Assembly action data format version 0.1

mainItem: HFMQA-SC-A150-B100-T25-X35-Y50-N12-L70-NA12
subItem: FXAC15-15-F22-MA12_1
durationTime: 7
sequence: 
  - 
    time: 0
    pose: 
      translation: [ -0.0887980283, 0.0158594187, 0.161958744 ]
      rotation: [ 
        1, 0, 0, 
        0, -3.8285687e-16, 1, 
        0, -1, -3.8285687e-16 ]
    subObject: 
      prehension: 
        type: prehension
        handFrame: 
          translation: [ 0.06, 0, 0.1 ]
          rotation: [ 
            0, 0.258819, -0.965926, 
            0, 0.965926, 0.258819, 
            1, 0, 0 ]
        graspPoints: 
          - [ 0.01, 0.01, 0 ]
          - [ 0.05, -0.01, 0 ]
  - 
    time: 1
    pose: 
      translation: [ -0.0887980283, 0.121350572, 0.161958744 ]
      rotation: [ 
        1, 0, 0, 
        0, -3.8285687e-16, 1, 
        0, -1, -3.8285687e-16 ]
    subObject: 
      prehension: 
        type: prehension
        handFrame: 
          translation: [ 0.06, 0, 0.1 ]
          rotation: [ 
            0, 0.258819, -0.965926, 
            0, 0.965926, 0.258819, 
            1, 0, 0 ]
        graspPoints: 
          - [ 0.01, 0.01, 0 ]
          - [ 0.05, -0.01, 0 ]
  - 
    time: 2
    pose: 
      translation: [ -0.0887980283, 0.121350572, -0.0355580277 ]
      rotation: [ 
        1, 0, 0, 
        0, -3.8285687e-16, 1, 
        0, -1, -3.8285687e-16 ]
    subObject: 
      prehension: 
        type: prehension
        handFrame: 
          translation: [ 0.06, 0, 0.1 ]
          rotation: [ 
            0, 0.258819, -0.965926, 
            0, 0.965926, 0.258819, 
            1, 0, 0 ]
        graspPoints: 
          - [ 0.01, 0.01, 0 ]
          - [ 0.05, -0.01, 0 ]
  - 
    time: 3
    pose: 
      translation: [ -0.0887980283, 0.121350572, -0.0355580277 ]
      rotation: [ 
        -7.27366155e-16, 0, -1, 
        1, -3.8285687e-16, -7.27366155e-16, 
        -3.8285687e-16, -1, 2.78477129e-31 ]
    subObject: 
      prehension: 
        type: prehension
        handFrame: 
          translation: [ 0.06, 0, 0.1 ]
          rotation: [ 
            0, 0.258819, -0.965926, 
            0, 0.965926, 0.258819, 
            1, 0, 0 ]
        graspPoints: 
          - [ 0.01, 0.01, 0 ]
          - [ 0.05, -0.01, 0 ]
  - 
    time: 4
    pose: 
      translation: [ -0.0428903161, 0.121350572, -0.0355580277 ]
      rotation: [ 
        -7.27366155e-16, 0, -1, 
        1, -3.8285687e-16, -7.27366155e-16, 
        -3.8285687e-16, -1, 2.78477129e-31 ]
    subObject: 
      prehension: 
        type: prehension
        handFrame: 
          translation: [ 0.06, 0, 0.1 ]
          rotation: [ 
            0, 0.258819, -0.965926, 
            0, 0.965926, 0.258819, 
            1, 0, 0 ]
        graspPoints: 
          - [ 0.01, 0.01, 0 ]
          - [ 0.05, -0.01, 0 ]
  - 
    time: 5
    pose: 
      translation: [ -0.0506161485, 0.121350572, -0.0355580277 ]
      rotation: [ 
        -7.27366155e-16, 0, -1, 
        1, -3.8285687e-16, -7.27366155e-16, 
        -3.8285687e-16, -1, 2.78477129e-31 ]
    subObject: 
      prehension: 
        type: prehension
        handFrame: 
          translation: [ 0.06, 0, 0.1 ]
          rotation: [ 
            0, 0.258819, -0.965926, 
            0, 0.965926, 0.258819, 
            1, 0, 0 ]
        graspPoints: 
          - [ 0.01, 0.01, 0 ]
          - [ 0.05, -0.01, 0 ]
  - 
    time: 6
    pose: 
      translation: [ -0.0500155687, 0.0266529198, -0.0349884457 ]
      rotation: [ 
        -7.27366155e-16, 0, -1, 
        1, -3.8285687e-16, -7.27366155e-16, 
        -3.8285687e-16, -1, 2.78477129e-31 ]
    subObject: 
      prehension: 
        type: prehension
        handFrame: 
          translation: [ 0.06, 0, 0.1 ]
          rotation: [ 
            0, 0.258819, -0.965926, 
            0, 0.965926, 0.258819, 
            1, 0, 0 ]
        graspPoints: 
          - [ 0.01, 0.01, 0 ]
          - [ 0.05, -0.01, 0 ]
  - 
    time: 7
    pose: 
      translation: [ -0.0500155687, 0.00709153098, -0.0349884457 ]
      rotation: [ 
        -7.27366155e-16, 0, -1, 
        1, -3.8285687e-16, -7.27366155e-16, 
        -3.8285687e-16, -1, 2.78477129e-31 ]
    subObject: 
      prehension: 
        type: prehension
        handFrame: 
          translation: [ 0.06, 0, 0.1 ]
          rotation: [ 
            0, 0.258819, -0.965926, 
            0, 0.965926, 0.258819, 
            1, 0, 0 ]
        graspPoints: 
          - [ 0.01, 0.01, 0 ]
          - [ 0.05, -0.01, 0 ]
