#
4 4
0.635566 0.683818 -0.358397 0.813796
0.771223 -0.540893 0.335634 -0.278817
0.035658 -0.489721 -0.871150 1.557046
0 0 0 1
#
4 4
0.999666 0.007379 -0.024772 0.019106
-0.008083 0.999562 -0.028471 0.025222
0.024551 0.028662 0.999288 -0.010777
0 0 0 1
#
4 4
0.998929 -0.044652 0.012125 -0.006521
0.044474 0.998904 0.014571 -0.061720
-0.012762 -0.014016 0.999820 0.007569
0 0 0 1
