#
4 4
0.042522 -0.009985 -0.999046 -0.000676
-0.949979 -0.310073 -0.037335 0.072872
-0.309404 0.950660 -0.022670 -0.048667
0 0 0 1
#
4 4
0.999455 0.030115 0.013515 -0.014422
-0.030596 0.998851 0.036882 -0.027740
-0.012388 -0.037275 0.999228 0.003223
0 0 0 1
#
4 4
0.999506 -0.026657 -0.016673 0.004890
0.026762 0.999623 0.006113 0.009767
0.016504 -0.006556 0.999842 0.011018
0 0 0 1
