pr = [ 0.000000  0.000000  0.670000];
Rr = [0.000000  -1.000000  0.000000;
	1.000000 0.000000  0.000000;
	0.000000  0.000000  1.000000 ];

b1=pr + [73 -830 -191.966]*Rr'/1000;
b2=pr + [447 -831 -191.966]*Rr'/1000;
b3=pr + [448 -574 -191.966]*Rr'/1000;
b4=pr + [74 -572 -191.966]*Rr'/1000;
c1=pr + [335.005 -743.639 -49.4811]*Rr'/1000
c2=pr + [398.113 -742.582 -52.3362]*Rr'/1000
c3=pr + [278.541 -679.878 -17.2062]*Rr'/1000
c4=pr + [344.116 -681.102 -51.6172]*Rr'/1000
c5=pr + [408.952 -677.198 -21.0585]*Rr'/1000
c6=pr + [280.827 -617.771 -49.3307]*Rr'/1000
c7=pr + [409.886 -615.594 -22.6761]*Rr'/1000
c8=pr + [344.353 -615.568 -51.746]*Rr'/1000

g = (b1+b2+b3+b4)/4

