0.194623 0.700234 -0.00248977 -0.713909 -0.713862 0.00950466 -0.700222 0.00852886 0.999952 0.00487813 0.0934755 0.118868 -0.0169669 -0.0492 0.0104 
0.194553 0.700234 -0.00248977 -0.713909 -0.713862 0.00950466 -0.700222 0.00852886 0.999952 0.00487813 0.10696 0.105123 -0.0168008 -0.0298 0.0298 
0.191849 -0.700234 -0.00262468 0.713909 0.713861 0.00964219 0.700222 -0.0087215 0.99995 -0.00487813 -0.120697 -0.0911989 -0.0155035 -0.0104 0.0492 
0.18475 -0.700372 0.00248976 -0.713774 0.713727 -0.00950467 -0.700359 -0.00852792 -0.999952 0.00487979 0.0934552 0.118888 -0.0169672 -0.0104 0.0492 
0.184695 -0.700372 0.00248976 -0.713774 0.713727 -0.00950467 -0.700359 -0.00852792 -0.999952 0.00487979 0.10694 0.105144 -0.0168011 -0.0298 0.0298 
0.181953 0.700371 0.00262469 0.713774 -0.713726 -0.00964218 0.700359 0.00872056 -0.99995 -0.00487979 -0.120677 -0.0912196 -0.0155032 -0.0492 0.0104 
0.16907 -0.700234 -0.00262468 0.713909 0.713861 0.00964219 0.700222 -0.0087215 0.99995 -0.00487813 -0.107212 -0.104943 -0.0153374 -0.0298 0.0298 
0.166343 0.700234 -0.00248977 -0.713909 -0.713862 0.00950466 -0.700222 0.00852886 0.999952 0.00487813 0.120445 0.0913784 -0.0166348 -0.0108 0.0492 
0.161905 -0.700234 -0.00262468 0.713909 0.713861 0.00964219 0.700222 -0.0087215 0.99995 -0.00487813 -0.0937277 -0.118688 -0.0151713 -0.0492 0.0108 
0.159082 0.700371 0.00262469 0.713774 -0.713726 -0.00964218 0.700359 0.00872056 -0.99995 -0.00487979 -0.107192 -0.104964 -0.0153371 -0.0298 0.0298 
0.15633 -0.700372 0.00248976 -0.713774 0.713727 -0.00950467 -0.700359 -0.00852792 -0.999952 0.00487979 0.120425 0.091399 -0.016635 -0.0492 0.0108 
0.148808 0.700371 0.00262469 0.713774 -0.713726 -0.00964218 0.700359 0.00872056 -0.99995 -0.00487979 -0.0937074 -0.118709 -0.0151711 -0.0108 0.0492 
