3.57989 0.693429 0.00846504 -0.720475 0.720483 -0.0189585 0.693213 -0.00779106 -0.999784 -0.0192453 0.107819 -0.103155 0.0201991 -0.0328 0.0332 
3.57957 0.693429 0.00846504 -0.720475 0.720483 -0.0189585 0.693213 -0.00779106 -0.999784 -0.0192453 0.0932504 -0.118289 0.0203648 -0.0538 0.0122 
3.57957 0.693429 0.00846504 -0.720475 0.720483 -0.0189585 0.693213 -0.00779106 -0.999784 -0.0192453 0.122388 -0.0880204 0.0200334 -0.0118 0.0542 
3.57933 -0.69343 0.00833145 0.720475 -0.720479 -0.0190973 -0.693213 0.00798367 -0.999783 0.0192453 -0.0937545 0.119944 0.0142599 -0.0542 0.0118 
3.57932 -0.69343 0.00833145 0.720475 -0.720479 -0.0190973 -0.693213 0.00798367 -0.999783 0.0192453 -0.108323 0.104809 0.0144255 -0.0332 0.0328 
3.57931 -0.69343 0.00833145 0.720475 -0.720479 -0.0190973 -0.693213 0.00798367 -0.999783 0.0192453 -0.122892 0.0896751 0.0145912 -0.0122 0.0538 
3.57913 0.693569 -0.00833143 0.720342 0.720346 0.0190973 -0.693352 -0.00797997 0.999783 0.0192468 -0.0937345 0.119964 0.0142596 -0.0118 0.0542 
3.57913 0.693569 -0.00833143 0.720342 0.720346 0.0190973 -0.693352 -0.00797997 0.999783 0.0192468 -0.108303 0.10483 0.0144253 -0.0328 0.0332 
3.57911 0.693569 -0.00833143 0.720342 0.720346 0.0190973 -0.693352 -0.00797997 0.999783 0.0192468 -0.122872 0.0896959 0.0145909 -0.0538 0.0122 
3.57906 -0.693568 -0.00846505 -0.720342 -0.720349 0.0189585 0.693352 0.00778735 0.999784 -0.0192468 0.0932304 -0.11831 0.020365 -0.0122 0.0538 
3.57905 -0.693568 -0.00846505 -0.720342 -0.720349 0.0189585 0.693352 0.00778735 0.999784 -0.0192468 0.107799 -0.103176 0.0201993 -0.0332 0.0328 
3.57905 -0.693568 -0.00846505 -0.720342 -0.720349 0.0189585 0.693352 0.00778735 0.999784 -0.0192468 0.122368 -0.0880412 0.0200337 -0.0542 0.0118 
3.25731 0.693569 -0.00833143 0.720342 0.720346 0.0190973 -0.693352 -0.00797997 0.999783 0.0192468 -0.108127 0.10443 -0.0065779 -0.0328 0.0332 
3.25606 0.693569 -0.00833143 0.720342 0.720346 0.0190973 -0.693352 -0.00797997 0.999783 0.0192468 -0.122696 0.0892962 -0.00641224 -0.0538 0.0122 
3.25598 0.693569 -0.00833143 0.720342 0.720346 0.0190973 -0.693352 -0.00797997 0.999783 0.0192468 -0.093558 0.119565 -0.00674355 -0.0118 0.0542 
3.25441 0.693429 0.00846504 -0.720475 0.720483 -0.0189585 0.693213 -0.00779106 -0.999784 -0.0192453 0.122565 -0.0884202 -0.000969737 -0.0118 0.0542 
3.25434 0.693429 0.00846504 -0.720475 0.720483 -0.0189585 0.693213 -0.00779106 -0.999784 -0.0192453 0.0934269 -0.118689 -0.000638424 -0.0538 0.0122 
3.25384 -0.693568 -0.00846505 -0.720342 -0.720349 0.0189585 0.693352 0.00778735 0.999784 -0.0192468 0.0934068 -0.11871 -0.000638196 -0.0122 0.0538 
3.25381 -0.693568 -0.00846505 -0.720342 -0.720349 0.0189585 0.693352 0.00778735 0.999784 -0.0192468 0.122545 -0.088441 -0.000969509 -0.0542 0.0118 
3.25374 -0.69343 0.00833145 0.720475 -0.720479 -0.0190973 -0.693213 0.00798367 -0.999783 0.0192453 -0.108147 0.10441 -0.00657767 -0.0332 0.0328 
3.25367 -0.69343 0.00833145 0.720475 -0.720479 -0.0190973 -0.693213 0.00798367 -0.999783 0.0192453 -0.122716 0.0892753 -0.00641201 -0.0122 0.0538 
3.2536 -0.69343 0.00833145 0.720475 -0.720479 -0.0190973 -0.693213 0.00798367 -0.999783 0.0192453 -0.0935781 0.119544 -0.00674332 -0.0542 0.0118 
3.25312 0.693429 0.00846504 -0.720475 0.720483 -0.0189585 0.693213 -0.00779106 -0.999784 -0.0192453 0.107996 -0.103554 -0.00080408 -0.0328 0.0332 
3.25262 -0.693568 -0.00846505 -0.720342 -0.720349 0.0189585 0.693352 0.00778735 0.999784 -0.0192468 0.107976 -0.103575 -0.000803853 -0.0332 0.0328 
1.64988 0.999786 -0.00830194 0.0189316 0.0190868 0.0190297 -0.999637 0.00793866 0.999784 0.0191841 -0.0239185 0.14997 -0.00673725 -0.0544 0.0118 
1.64851 -0.999783 0.00830194 0.0191242 -0.0192794 -0.0190298 -0.999633 -0.00793496 -0.999784 0.0191857 0.0180589 0.150776 -0.00639997 -0.0538 0.0124 
1.64838 -0.999783 0.00830194 0.0191242 -0.0192794 -0.0190298 -0.999633 -0.00793496 -0.999784 0.0191857 -0.0239474 0.14997 -0.00673748 -0.0118 0.0544 
1.64764 0.999786 -0.00830194 0.0189316 0.0190868 0.0190297 -0.999637 0.00793866 0.999784 0.0191841 0.0180878 0.150776 -0.00639974 -0.0124 0.0538 
1.64758 0.999786 -0.00830194 0.0189316 0.0190868 0.0190297 -0.999637 0.00793866 0.999784 0.0191841 -0.00291534 0.150373 -0.0065685 -0.0334 0.0328 
1.64606 -0.999783 0.00830194 0.0191242 -0.0192794 -0.0190298 -0.999633 -0.00793496 -0.999784 0.0191857 -0.00294423 0.150373 -0.00656873 -0.0328 0.0334 
1.64346 -0.999785 -0.00849455 -0.0189316 -0.0190905 0.0190261 0.999637 -0.00813127 0.999783 -0.0191841 -0.018239 -0.149921 -0.000982011 -0.0118 0.0544 
1.64251 -0.999785 -0.00849455 -0.0189316 -0.0190905 0.0190261 0.999637 -0.00813127 0.999783 -0.0191841 0.0237673 -0.149115 -0.000644496 -0.0538 0.0124 
1.64097 -0.999785 -0.00849455 -0.0189316 -0.0190905 0.0190261 0.999637 -0.00813127 0.999783 -0.0191841 0.00276414 -0.149518 -0.000813253 -0.0328 0.0334 
1.64034 0.999781 0.00849455 -0.0191242 0.019283 -0.0190261 0.999633 0.00812757 -0.999783 -0.0191857 -0.0182101 -0.14992 -0.000981778 -0.0544 0.0118 
1.64027 0.999781 0.00849455 -0.0191242 0.019283 -0.0190261 0.999633 0.00812757 -0.999783 -0.0191857 0.00279303 -0.149517 -0.000813021 -0.0334 0.0328 
1.6402 0.999781 0.00849455 -0.0191242 0.019283 -0.0190261 0.999633 0.00812757 -0.999783 -0.0191857 0.0237962 -0.149114 -0.000644264 -0.0124 0.0538 
1.32362 0.999786 -0.00830194 0.0189316 0.0190868 0.0190297 -0.999637 0.00793866 0.999784 0.0191841 -0.0240949 0.15037 0.0142659 -0.0544 0.0118 
1.3234 0.999786 -0.00830194 0.0189316 0.0190868 0.0190297 -0.999637 0.00793866 0.999784 0.0191841 -0.00309177 0.150773 0.0144347 -0.0334 0.0328 
1.32316 0.999786 -0.00830194 0.0189316 0.0190868 0.0190297 -0.999637 0.00793866 0.999784 0.0191841 0.0179114 0.151176 0.0146034 -0.0124 0.0538 
1.32273 -0.999783 0.00830194 0.0191242 -0.0192794 -0.0190298 -0.999633 -0.00793496 -0.999784 0.0191857 -0.0241238 0.150369 0.0142657 -0.0118 0.0544 
1.3225 -0.999783 0.00830194 0.0191242 -0.0192794 -0.0190298 -0.999633 -0.00793496 -0.999784 0.0191857 -0.00312066 0.150772 0.0144344 -0.0328 0.0334 
1.32227 -0.999783 0.00830194 0.0191242 -0.0192794 -0.0190298 -0.999633 -0.00793496 -0.999784 0.0191857 0.0178825 0.151175 0.0146032 -0.0538 0.0124 
1.30492 0.999781 0.00849455 -0.0191242 0.019283 -0.0190261 0.999633 0.00812757 -0.999783 -0.0191857 0.0236198 -0.148715 0.0203589 -0.0124 0.0538 
1.30452 -0.999785 -0.00849455 -0.0189316 -0.0190905 0.0190261 0.999637 -0.00813127 0.999783 -0.0191841 0.0235909 -0.148715 0.0203587 -0.0538 0.0124 
1.30431 -0.999785 -0.00849455 -0.0189316 -0.0190905 0.0190261 0.999637 -0.00813127 0.999783 -0.0191841 0.00258771 -0.149118 0.0201899 -0.0328 0.0334 
1.30408 -0.999785 -0.00849455 -0.0189316 -0.0190905 0.0190261 0.999637 -0.00813127 0.999783 -0.0191841 -0.0184155 -0.149521 0.0200212 -0.0118 0.0544 
1.3034 0.999781 0.00849455 -0.0191242 0.019283 -0.0190261 0.999633 0.00812757 -0.999783 -0.0191857 0.0026166 -0.149118 0.0201902 -0.0334 0.0328 
1.30318 0.999781 0.00849455 -0.0191242 0.019283 -0.0190261 0.999633 0.00812757 -0.999783 -0.0191857 -0.0183866 -0.149521 0.0200214 -0.0544 0.0118 
