1.92309 0.00229182 -0.0316123 0.999498 -0.999995 0.00209617 0.00235926 -0.0021697 -0.999498 -0.0316073 -0.150048 0.0206099 -0.0118922 -0.0532 0.0114 
1.92301 0.00229182 -0.0316123 0.999498 -0.999995 0.00209617 0.00235926 -0.0021697 -0.999498 -0.0316073 -0.150002 -0.000316361 -0.0119395 -0.0322 0.0324 
1.92258 0.00229182 -0.0316123 0.999498 -0.999995 0.00209617 0.00235926 -0.0021697 -0.999498 -0.0316073 -0.149956 -0.0212426 -0.0119869 -0.0114 0.0534 
1.92072 -0.00209927 0.0316123 0.999498 0.999995 -0.00209617 0.00216661 0.00216361 0.999498 -0.0316078 -0.150048 0.0206388 -0.0118921 -0.0114 0.0532 
1.92064 -0.00209927 0.0316123 0.999498 0.999995 -0.00209617 0.00216661 0.00216361 0.999498 -0.0316078 -0.150002 -0.000287463 -0.0119395 -0.0324 0.0322 
1.92021 -0.00209927 0.0316123 0.999498 0.999995 -0.00209617 0.00216661 0.00216361 0.999498 -0.0316078 -0.149956 -0.0212137 -0.0119868 -0.0534 0.0114 
1.89585 -0.00228573 -0.0316127 -0.999498 0.999995 0.00228883 -0.00235926 0.00236226 -0.999498 0.0316073 0.149847 0.000391418 -0.0214217 -0.0324 0.0322 
1.89582 -0.00228573 -0.0316127 -0.999498 0.999995 0.00228883 -0.00235926 0.00236226 -0.999498 0.0316073 0.149893 -0.0205349 -0.0214691 -0.0534 0.0114 
1.89553 -0.00228573 -0.0316127 -0.999498 0.999995 0.00228883 -0.00235926 0.00236226 -0.999498 0.0316073 0.149801 0.0213177 -0.0213744 -0.0114 0.0532 
1.89331 0.00209318 0.0316127 -0.999498 -0.999995 -0.00228883 -0.00216661 -0.00235617 0.999498 0.0316078 0.149847 0.00036252 -0.0214218 -0.0322 0.0324 
1.89328 0.00209318 0.0316127 -0.999498 -0.999995 -0.00228883 -0.00216661 -0.00235617 0.999498 0.0316078 0.149893 -0.0205638 -0.0214692 -0.0114 0.0534 
1.89298 0.00209318 0.0316127 -0.999498 -0.999995 -0.00228883 -0.00216661 -0.00235617 0.999498 0.0316078 0.149802 0.0212888 -0.0213744 -0.0532 0.0114 
1.15579 -0.00228573 -0.0316127 -0.999498 0.999995 0.00228883 -0.00235926 0.00236226 -0.999498 0.0316073 0.14857 -0.0204431 -0.0633008 -0.0554 0.0138 
1.15089 -0.00228573 -0.0316127 -0.999498 0.999995 0.00228883 -0.00235926 0.00236226 -0.999498 0.0316073 0.148524 0.00048318 -0.0632535 -0.0344 0.0348 
1.15083 -0.00228573 -0.0316127 -0.999498 0.999995 0.00228883 -0.00235926 0.00236226 -0.999498 0.0316073 0.148478 0.0214095 -0.0632061 -0.0134 0.0554 
1.13958 0.00209318 0.0316127 -0.999498 -0.999995 -0.00228883 -0.00216661 -0.00235617 0.999498 0.0316078 0.148478 0.0213806 -0.0632062 -0.0554 0.0134 
1.1385 0.00209318 0.0316127 -0.999498 -0.999995 -0.00228883 -0.00216661 -0.00235617 0.999498 0.0316078 0.148524 0.000454282 -0.0632535 -0.0348 0.0344 
1.13741 0.00209318 0.0316127 -0.999498 -0.999995 -0.00228883 -0.00216661 -0.00235617 0.999498 0.0316078 0.14857 -0.020472 -0.0633009 -0.0138 0.0554 
1.1359 -0.00209927 0.0316123 0.999498 0.999995 -0.00209617 0.00216661 0.00216361 0.999498 -0.0316078 -0.151279 -0.021122 -0.0538186 -0.0554 0.0138 
1.13481 -0.00209927 0.0316123 0.999498 0.999995 -0.00209617 0.00216661 0.00216361 0.999498 -0.0316078 -0.151325 -0.000195701 -0.0537712 -0.0344 0.0348 
1.13372 -0.00209927 0.0316123 0.999498 0.999995 -0.00209617 0.00216661 0.00216361 0.999498 -0.0316078 -0.151371 0.0207306 -0.0537239 -0.0134 0.0554 
1.12983 0.00229182 -0.0316123 0.999498 -0.999995 0.00209617 0.00235926 -0.0021697 -0.999498 -0.0316073 -0.151325 -0.000224599 -0.0537713 -0.0348 0.0344 
1.12977 0.00229182 -0.0316123 0.999498 -0.999995 0.00209617 0.00235926 -0.0021697 -0.999498 -0.0316073 -0.151279 -0.0211509 -0.0538186 -0.0138 0.0554 
1.1292 -0.705273 0.0315446 -0.708234 -0.708635 -0.00226076 0.705571 0.0206558 0.9995 0.023948 0.0914005 -0.120629 -0.0198386 -0.0114 0.0528 
1.12759 0.00229182 -0.0316123 0.999498 -0.999995 0.00209617 0.00235926 -0.0021697 -0.999498 -0.0316073 -0.151371 0.0207017 -0.0537239 -0.0554 0.0134 
1.12602 -0.705273 0.0315446 -0.708234 -0.708635 -0.00226076 0.705571 0.0206558 0.9995 0.023948 0.120915 -0.0909676 -0.0207071 -0.0534 0.0112 
1.12586 -0.705273 0.0315446 -0.708234 -0.708635 -0.00226076 0.705571 0.0206558 0.9995 0.023948 0.106158 -0.105798 -0.0202728 -0.0324 0.0322 
1.11315 0.705136 -0.0315446 -0.70837 0.708771 0.00226077 0.705435 -0.0206512 -0.9995 0.023952 0.0914209 -0.120608 -0.0198392 -0.0528 0.0114 
1.11174 -0.70513 -0.0316804 0.70837 -0.708772 0.00212423 -0.705435 0.0208437 -0.999496 -0.023952 -0.12109 0.0910222 -0.0126536 -0.0114 0.0528 
1.10996 0.705136 -0.0315446 -0.70837 0.708771 0.00226077 0.705435 -0.0206512 -0.9995 0.023952 0.120936 -0.0909471 -0.0207077 -0.0112 0.0534 
1.10982 0.705136 -0.0315446 -0.70837 0.708771 0.00226077 0.705435 -0.0206512 -0.9995 0.023952 0.106178 -0.105778 -0.0202734 -0.0322 0.0324 
1.10922 -0.70513 -0.0316804 0.70837 -0.708772 0.00212423 -0.705435 0.0208437 -0.999496 -0.023952 -0.0915755 0.120683 -0.0135221 -0.0534 0.0112 
1.10866 0.705267 0.0316804 0.708234 0.708636 -0.00212424 -0.705571 -0.0208484 0.999496 -0.023948 -0.0915551 0.120704 -0.0135227 -0.0112 0.0534 
1.10837 -0.70513 -0.0316804 0.70837 -0.708772 0.00212423 -0.705435 0.0208437 -0.999496 -0.023952 -0.106333 0.105853 -0.0130878 -0.0324 0.0322 
1.10784 0.705267 0.0316804 0.708234 0.708636 -0.00212424 -0.705571 -0.0208484 0.999496 -0.023948 -0.12107 0.0910426 -0.0126542 -0.0528 0.0114 
1.10448 0.705267 0.0316804 0.708234 0.708636 -0.00212424 -0.705571 -0.0208484 0.999496 -0.023948 -0.106312 0.105873 -0.0130884 -0.0322 0.0324 
0.795789 -0.708237 0.0315443 0.70527 0.705572 -0.00212453 0.708635 0.0238518 0.9995 -0.0207521 -0.0910455 -0.121021 -0.014069 -0.0534 0.0114 
0.783371 0.708373 -0.0315443 0.705133 -0.705435 0.00212455 0.708771 -0.0238558 -0.9995 -0.0207475 -0.120669 -0.0915146 -0.0130673 -0.0532 0.0118 
0.783022 0.708373 -0.0315443 0.705133 -0.705435 0.00212455 0.708771 -0.0238558 -0.9995 -0.0207475 -0.105847 -0.106278 -0.0135685 -0.0324 0.0328 
0.782836 -0.708237 0.0315443 0.70527 0.705572 -0.00212453 0.708635 0.0238518 0.9995 -0.0207521 -0.12069 -0.0914942 -0.0130666 -0.0118 0.0532 
0.781292 -0.708367 -0.0316807 -0.705133 0.705435 0.00226045 -0.708771 0.0240483 -0.999495 0.0207475 0.120515 0.0915896 -0.0202939 -0.0534 0.0114 
0.780715 0.708231 0.0316807 -0.70527 -0.705571 -0.00226047 -0.708635 -0.0240443 0.999495 0.0207521 0.120535 0.0915692 -0.0202946 -0.0114 0.0534 
0.75567 -0.708237 0.0315443 0.70527 0.705572 -0.00212453 0.708635 0.0238518 0.9995 -0.0207521 -0.105868 -0.106258 -0.0135678 -0.0328 0.0324 
0.753654 -0.708367 -0.0316807 -0.705133 0.705435 0.00226045 -0.708771 0.0240483 -0.999495 0.0207475 0.0908705 0.121117 -0.0192916 -0.0118 0.0532 
0.731355 -0.708367 -0.0316807 -0.705133 0.705435 0.00226045 -0.708771 0.0240483 -0.999495 0.0207475 0.105693 0.106353 -0.0197928 -0.0328 0.0324 
0.73081 0.708231 0.0316807 -0.70527 -0.705571 -0.00226047 -0.708635 -0.0240443 0.999495 0.0207521 0.105713 0.106333 -0.0197935 -0.0324 0.0328 
0.730704 0.708231 0.0316807 -0.70527 -0.705571 -0.00226047 -0.708635 -0.0240443 0.999495 0.0207521 0.0908909 0.121096 -0.0192923 -0.0532 0.0118 
0.693563 -0.00209318 -0.999498 0.0316127 0.999995 -0.00216661 -0.00228883 0.00235617 0.0316078 0.999498 -0.00486508 0.0213071 -0.166558 -0.0134 0.0554 
0.693561 -0.00209318 -0.999498 0.0316127 0.999995 -0.00216661 -0.00228883 0.00235617 0.0316078 0.999498 -0.0048192 0.000380853 -0.166605 -0.0344 0.0348 
0.693559 -0.00209318 -0.999498 0.0316127 0.999995 -0.00216661 -0.00228883 0.00235617 0.0316078 0.999498 -0.00477332 -0.0205454 -0.166653 -0.0554 0.0138 
0.626724 0.00209927 0.999498 0.0316123 -0.999995 0.00216661 -0.00209617 -0.00216361 -0.0316077 0.999498 -0.00481913 0.000351955 -0.166605 -0.0348 0.0344 
0.625527 0.00209927 0.999498 0.0316123 -0.999995 0.00216661 -0.00209617 -0.00216361 -0.0316077 0.999498 -0.00477325 -0.0205743 -0.166653 -0.0138 0.0554 
0.625525 0.00209927 0.999498 0.0316123 -0.999995 0.00216661 -0.00209617 -0.00216361 -0.0316077 0.999498 -0.00486501 0.0212782 -0.166558 -0.0554 0.0134 
0.603567 0.999501 -0.0315162 -0.00228878 0.00235905 0.00219273 0.999995 -0.031511 -0.999501 0.00226598 0.0211819 -0.149914 -0.017682 -0.0114 0.0538 
0.603423 0.999501 -0.0315162 -0.00228878 0.00235905 0.00219273 0.999995 -0.031511 -0.999501 0.00226598 0.000266027 -0.149962 -0.0170205 -0.0322 0.0328 
0.603369 0.999501 -0.0315162 -0.00228878 0.00235905 0.00219273 0.999995 -0.031511 -0.999501 0.00226598 -0.0206498 -0.150009 -0.0163591 -0.0532 0.0118 
0.602973 -0.999501 0.0315162 -0.00209622 -0.0021664 -0.00219271 0.999995 0.0315115 0.999501 0.00225989 0.021153 -0.149914 -0.0176811 -0.0538 0.0114 
0.602837 -0.999501 0.0315162 -0.00209622 -0.0021664 -0.00219271 0.999995 0.0315115 0.999501 0.00225989 0.000237144 -0.149962 -0.0170196 -0.0328 0.0322 
0.602773 -0.999501 0.0315162 -0.00209622 -0.0021664 -0.00219271 0.999995 0.0315115 0.999501 0.00225989 -0.0206787 -0.150009 -0.0163582 -0.0118 0.0532 
0.602716 -0.999495 -0.0317088 0.00228878 -0.00235947 0.00219227 -0.999995 0.0317036 -0.999495 -0.00226598 0.0204953 0.150084 -0.0170022 -0.0538 0.0114 
0.602213 -0.999495 -0.0317088 0.00228878 -0.00235947 0.00219227 -0.999995 0.0317036 -0.999495 -0.00226598 -0.000420606 0.150037 -0.0163407 -0.0328 0.0322 
0.60213 0.999495 0.0317088 0.00209622 0.00216682 -0.00219229 -0.999995 -0.031704 0.999495 -0.00225989 0.0205241 0.150084 -0.0170031 -0.0114 0.0538 
0.601804 -0.999495 -0.0317088 0.00228878 -0.00235947 0.00219227 -0.999995 0.0317036 -0.999495 -0.00226598 -0.0213365 0.149989 -0.0156793 -0.0118 0.0532 
0.601626 0.999495 0.0317088 0.00209622 0.00216682 -0.00219229 -0.999995 -0.031704 0.999495 -0.00225989 -0.000391723 0.150037 -0.0163417 -0.0322 0.0328 
0.601218 0.999495 0.0317088 0.00209622 0.00216682 -0.00219229 -0.999995 -0.031704 0.999495 -0.00225989 -0.0213076 0.149989 -0.0156802 -0.0532 0.0118 
0.273834 -0.708367 -0.0316807 -0.705133 0.705435 0.00226045 -0.708771 0.0240483 -0.999495 0.0207475 0.121838 0.0914978 0.0215378 -0.0568 0.0124 
0.27383 -0.708367 -0.0316807 -0.705133 0.705435 0.00226045 -0.708771 0.0240483 -0.999495 0.0207475 0.107016 0.106261 0.022039 -0.0358 0.0334 
0.272802 -0.708237 0.0315443 0.70527 0.705572 -0.00212453 0.708635 0.0238518 0.9995 -0.0207521 -0.0897225 -0.121113 0.0277627 -0.0568 0.0124 
0.27162 -0.708367 -0.0316807 -0.705133 0.705435 0.00226045 -0.708771 0.0240483 -0.999495 0.0207475 0.0921936 0.121025 0.0225402 -0.0148 0.0544 
0.271533 0.708231 0.0316807 -0.70527 -0.705571 -0.00226047 -0.708635 -0.0240443 0.999495 0.0207521 0.092214 0.121005 0.0225395 -0.0544 0.0148 
0.27067 0.708373 -0.0315443 0.705133 -0.705435 0.00212455 0.708771 -0.0238558 -0.9995 -0.0207475 -0.089702 -0.121134 0.027762 -0.0124 0.0568 
0.270585 -0.708237 0.0315443 0.70527 0.705572 -0.00212453 0.708635 0.0238518 0.9995 -0.0207521 -0.119367 -0.0915859 0.0287651 -0.0148 0.0544 
0.267266 0.708231 0.0316807 -0.70527 -0.705571 -0.00226047 -0.708635 -0.0240443 0.999495 0.0207521 0.107036 0.106241 0.0220383 -0.0334 0.0358 
0.266316 -0.708237 0.0315443 0.70527 0.705572 -0.00212453 0.708635 0.0238518 0.9995 -0.0207521 -0.104545 -0.10635 0.0282639 -0.0358 0.0334 
0.265039 0.708231 0.0316807 -0.70527 -0.705571 -0.00226047 -0.708635 -0.0240443 0.999495 0.0207521 0.121858 0.0914775 0.0215371 -0.0124 0.0568 
0.264175 0.708373 -0.0315443 0.705133 -0.705435 0.00212455 0.708771 -0.0238558 -0.9995 -0.0207475 -0.119346 -0.0916063 0.0287644 -0.0544 0.0148 
0.264172 0.708373 -0.0315443 0.705133 -0.705435 0.00212455 0.708771 -0.0238558 -0.9995 -0.0207475 -0.104524 -0.10637 0.0282632 -0.0334 0.0358 
0.0758856 -0.999495 -0.0317088 0.00228878 -0.00235947 0.00219227 -0.999995 0.0317036 -0.999495 -0.00226598 0.0218183 0.149992 0.0248296 -0.0568 0.0124 
0.0752784 0.999501 -0.0315162 -0.00228878 0.00235905 0.00219273 0.999995 -0.031511 -0.999501 0.00226598 -0.0193268 -0.150101 0.0254726 -0.0542 0.0148 
0.0752778 0.999501 -0.0315162 -0.00228878 0.00235905 0.00219273 0.999995 -0.031511 -0.999501 0.00226598 0.022505 -0.150006 0.0241498 -0.0124 0.0568 
0.0738843 -0.999501 0.0315162 -0.00209622 -0.0021664 -0.00219271 0.999995 0.0315115 0.999501 0.00225989 0.00156021 -0.150054 0.0248121 -0.0358 0.0332 
0.0736778 0.999501 -0.0315162 -0.00228878 0.00235905 0.00219273 0.999995 -0.031511 -0.999501 0.00226598 0.0015891 -0.150053 0.0248112 -0.0332 0.0358 
0.073028 -0.999495 -0.0317088 0.00228878 -0.00235947 0.00219227 -0.999995 0.0317036 -0.999495 -0.00226598 0.000902464 0.149945 0.025491 -0.0358 0.0332 
0.0730255 -0.999495 -0.0317088 0.00228878 -0.00235947 0.00219227 -0.999995 0.0317036 -0.999495 -0.00226598 -0.0200134 0.149898 0.0261524 -0.0148 0.0542 
0.0726659 -0.999501 0.0315162 -0.00209622 -0.0021664 -0.00219271 0.999995 0.0315115 0.999501 0.00225989 0.0224761 -0.150006 0.0241507 -0.0568 0.0124 
0.0726653 -0.999501 0.0315162 -0.00209622 -0.0021664 -0.00219271 0.999995 0.0315115 0.999501 0.00225989 -0.0193557 -0.150101 0.0254735 -0.0148 0.0542 
0.0704169 0.999495 0.0317088 0.00209622 0.00216682 -0.00219229 -0.999995 -0.031704 0.999495 -0.00225989 0.0218472 0.149992 0.0248286 -0.0124 0.0568 
0.0704166 0.999495 0.0317088 0.00209622 0.00216682 -0.00219229 -0.999995 -0.031704 0.999495 -0.00225989 -0.0199845 0.149898 0.0261515 -0.0542 0.0148 
0.070414 0.999495 0.0317088 0.00209622 0.00216682 -0.00219229 -0.999995 -0.031704 0.999495 -0.00225989 0.000931347 0.149945 0.0254901 -0.0332 0.0358 
0.056461 -0.00209927 0.0316123 0.999498 0.999995 -0.00209617 0.00216661 0.00216361 0.999498 -0.0316078 -0.14934 -0.000333344 0.00897639 -0.0334 0.0328 
0.0563519 0.00229182 -0.0316123 0.999498 -0.999995 0.00209617 0.00235926 -0.0021697 -0.999498 -0.0316073 -0.14934 -0.000362242 0.00897633 -0.0328 0.0334 
0.05542 -0.00209927 0.0316123 0.999498 0.999995 -0.00209617 0.00216661 0.00216361 0.999498 -0.0316078 -0.149295 -0.0212596 0.00892904 -0.0544 0.0122 
0.0553189 0.00229182 -0.0316123 0.999498 -0.999995 0.00209617 0.00235926 -0.0021697 -0.999498 -0.0316073 -0.149295 -0.0212885 0.00892897 -0.0122 0.0544 
0.0490938 0.00209318 0.0316127 -0.999498 -0.999995 -0.00228883 -0.00216661 -0.00235617 0.999498 0.0316078 0.150463 0.0212429 -0.00045858 -0.0538 0.0128 
0.0489846 -0.00228573 -0.0316127 -0.999498 0.999995 0.00228883 -0.00235926 0.00236226 -0.999498 0.0316073 0.150463 0.0212718 -0.000458515 -0.0128 0.0538 
0.046017 0.00209318 0.0316127 -0.999498 -0.999995 -0.00228883 -0.00216661 -0.00235617 0.999498 0.0316078 0.150509 0.000316639 -0.000505935 -0.0328 0.0334 
0.0459024 -0.00228573 -0.0316127 -0.999498 0.999995 0.00228883 -0.00235926 0.00236226 -0.999498 0.0316073 0.150509 0.000345537 -0.00050587 -0.0334 0.0328 
0.045578 -0.00209927 0.0316123 0.999498 0.999995 -0.00209617 0.00216661 0.00216361 0.999498 -0.0316078 -0.149386 0.0205929 0.00902375 -0.0128 0.0538 
0.045483 0.00229182 -0.0316123 0.999498 -0.999995 0.00209617 0.00235926 -0.0021697 -0.999498 -0.0316073 -0.149386 0.020564 0.00902368 -0.0538 0.0128 
0.045241 0.00209318 0.0316127 -0.999498 -0.999995 -0.00228883 -0.00216661 -0.00235617 0.999498 0.0316078 0.150555 -0.0206096 -0.00055329 -0.0122 0.0544 
0.0451382 -0.00228573 -0.0316127 -0.999498 0.999995 0.00228883 -0.00235926 0.00236226 -0.999498 0.0316073 0.150555 -0.0205807 -0.000553225 -0.0544 0.0122 
0.0329101 0.705267 0.0316804 0.708234 0.708636 -0.00212424 -0.705571 -0.0208484 0.999496 -0.023948 -0.119747 0.0909509 0.0291775 -0.0548 0.0144 
0.0329081 0.705267 0.0316804 0.708234 0.708636 -0.00212424 -0.705571 -0.0208484 0.999496 -0.023948 -0.104989 0.105781 0.0287433 -0.0338 0.0354 
0.0322336 0.00209318 0.0316127 -0.999498 -0.999995 -0.00228883 -0.00216661 -0.00235617 0.999498 0.0316078 0.151216 -0.0206555 0.0203626 -0.0134 0.0558 
0.0322327 0.00209318 0.0316127 -0.999498 -0.999995 -0.00228883 -0.00216661 -0.00235617 0.999498 0.0316078 0.151125 0.021197 0.0204573 -0.0552 0.0138 
0.0319371 -0.705273 0.0315446 -0.708234 -0.708635 -0.00226076 0.705571 0.0206558 0.9995 0.023948 0.122238 -0.0910593 0.0211247 -0.0564 0.0128 
0.030346 0.705267 0.0316804 0.708234 0.708636 -0.00212424 -0.705571 -0.0208484 0.999496 -0.023948 -0.090232 0.120612 0.0283091 -0.0128 0.0564 
0.0301021 -0.70513 -0.0316804 0.70837 -0.708772 0.00212423 -0.705435 0.0208437 -0.999496 -0.023952 -0.10501 0.105761 0.0287439 -0.0354 0.0338 
0.0300916 -0.70513 -0.0316804 0.70837 -0.708772 0.00212423 -0.705435 0.0208437 -0.999496 -0.023952 -0.119767 0.0909304 0.0291781 -0.0144 0.0548 
0.0300869 -0.70513 -0.0316804 0.70837 -0.708772 0.00212423 -0.705435 0.0208437 -0.999496 -0.023952 -0.0902524 0.120592 0.0283097 -0.0564 0.0128 
0.0291756 -0.705273 0.0315446 -0.708234 -0.708635 -0.00226076 0.705571 0.0206558 0.9995 0.023948 0.0927236 -0.120721 0.0219931 -0.0144 0.0548 
0.029175 -0.705273 0.0315446 -0.708234 -0.708635 -0.00226076 0.705571 0.0206558 0.9995 0.023948 0.107481 -0.10589 0.0215589 -0.0354 0.0338 
0.0291554 -0.00228573 -0.0316127 -0.999498 0.999995 0.00228883 -0.00235926 0.00236226 -0.999498 0.0316073 0.151125 0.0212259 0.0204574 -0.0138 0.0552 
0.0291542 -0.00228573 -0.0316127 -0.999498 0.999995 0.00228883 -0.00235926 0.00236226 -0.999498 0.0316073 0.15117 0.000299656 0.02041 -0.0348 0.0342 
0.0291346 0.705136 -0.0315446 -0.70837 0.708771 0.00226077 0.705435 -0.0206512 -0.9995 0.023952 0.107501 -0.105869 0.0215583 -0.0338 0.0354 
0.0291225 0.705136 -0.0315446 -0.70837 0.708771 0.00226077 0.705435 -0.0206512 -0.9995 0.023952 0.092744 -0.1207 0.0219925 -0.0548 0.0144 
0.028854 0.00229182 -0.0316123 0.999498 -0.999995 0.00209617 0.00235926 -0.0021697 -0.999498 -0.0316073 -0.148725 0.0205182 0.0299395 -0.0552 0.0138 
0.028853 0.00229182 -0.0316123 0.999498 -0.999995 0.00209617 0.00235926 -0.0021697 -0.999498 -0.0316073 -0.148679 -0.000408123 0.0298922 -0.0342 0.0348 
0.0288521 0.00229182 -0.0316123 0.999498 -0.999995 0.00209617 0.00235926 -0.0021697 -0.999498 -0.0316073 -0.148633 -0.0213344 0.0298448 -0.0134 0.0558 
0.0277701 -0.00228573 -0.0316127 -0.999498 0.999995 0.00228883 -0.00235926 0.00236226 -0.999498 0.0316073 0.151216 -0.0206266 0.0203626 -0.0558 0.0134 
0.0277644 0.00209318 0.0316127 -0.999498 -0.999995 -0.00228883 -0.00216661 -0.00235617 0.999498 0.0316078 0.15117 0.000270758 0.0204099 -0.0342 0.0348 
0.0274613 -0.00209927 0.0316123 0.999498 0.999995 -0.00209617 0.00216661 0.00216361 0.999498 -0.0316078 -0.148725 0.020547 0.0299396 -0.0138 0.0552 
0.027461 -0.00209927 0.0316123 0.999498 0.999995 -0.00209617 0.00216661 0.00216361 0.999498 -0.0316078 -0.148633 -0.0213055 0.0298449 -0.0558 0.0134 
0.0274607 -0.00209927 0.0316123 0.999498 0.999995 -0.00209617 0.00216661 0.00216361 0.999498 -0.0316078 -0.148679 -0.000379225 0.0298923 -0.0348 0.0342 
0.026354 0.705136 -0.0315446 -0.70837 0.708771 0.00226077 0.705435 -0.0206512 -0.9995 0.023952 0.122259 -0.0910389 0.0211241 -0.0128 0.0564 
0.0155158 0.708231 0.0316807 -0.70527 -0.705571 -0.00226047 -0.708635 -0.0240443 0.999495 0.0207521 0.121197 0.0915233 0.00062123 -0.0114 0.0554 
0.0154698 -0.708367 -0.0316807 -0.705133 0.705435 0.00226045 -0.708771 0.0240483 -0.999495 0.0207475 0.121176 0.0915437 0.000621922 -0.0554 0.0114 
0.0152855 0.708231 0.0316807 -0.70527 -0.705571 -0.00226047 -0.708635 -0.0240443 0.999495 0.0207521 0.106375 0.106287 0.00112242 -0.0324 0.0344 
0.0152457 -0.708367 -0.0316807 -0.705133 0.705435 0.00226045 -0.708771 0.0240483 -0.999495 0.0207475 0.106354 0.106307 0.00112311 -0.0344 0.0324 
0.0150847 0.708231 0.0316807 -0.70527 -0.705571 -0.00226047 -0.708635 -0.0240443 0.999495 0.0207521 0.0915525 0.121051 0.0016236 -0.0534 0.0134 
0.0150448 -0.708367 -0.0316807 -0.705133 0.705435 0.00226045 -0.708771 0.0240483 -0.999495 0.0207475 0.091532 0.121071 0.0016243 -0.0134 0.0534 
0.0149418 -0.708237 0.0315443 0.70527 0.705572 -0.00212453 0.708635 0.0238518 0.9995 -0.0207521 -0.105206 -0.106304 0.00734804 -0.0344 0.0324 
0.0145028 -0.708237 0.0315443 0.70527 0.705572 -0.00212453 0.708635 0.0238518 0.9995 -0.0207521 -0.090384 -0.121067 0.00684685 -0.0554 0.0114 
0.0144744 0.708373 -0.0315443 0.705133 -0.705435 0.00212455 0.708771 -0.0238558 -0.9995 -0.0207475 -0.0903635 -0.121088 0.00684616 -0.0114 0.0554 
0.00523793 -0.70513 -0.0316804 0.70837 -0.708772 0.00212423 -0.705435 0.0208437 -0.999496 -0.023952 -0.105671 0.105807 0.00782803 -0.0342 0.0328 
0.00522656 0.705267 0.0316804 0.708234 0.708636 -0.00212424 -0.705571 -0.0208484 0.999496 -0.023948 -0.105651 0.105827 0.00782743 -0.0328 0.0342 
0.00516678 0.705136 -0.0315446 -0.70837 0.708771 0.00226077 0.705435 -0.0206512 -0.9995 0.023952 0.10684 -0.105824 0.000642422 -0.0328 0.0342 
0.00515657 -0.705273 0.0315446 -0.708234 -0.708635 -0.00226076 0.705571 0.0206558 0.9995 0.023948 0.106819 -0.105844 0.000643022 -0.0342 0.0328 
0.00292578 -0.705273 0.0315446 -0.708234 -0.708635 -0.00226076 0.705571 0.0206558 0.9995 0.023948 0.092062 -0.120675 0.00107724 -0.0132 0.0534 
0.00207989 -0.70513 -0.0316804 0.70837 -0.708772 0.00212423 -0.705435 0.0208437 -0.999496 -0.023952 -0.0909139 0.120637 0.00739382 -0.0548 0.0118 
0.00207426 0.705267 0.0316804 0.708234 0.708636 -0.00212424 -0.705571 -0.0208484 0.999496 -0.023948 -0.0908936 0.120658 0.00739322 -0.0118 0.0548 
0.00154241 0.705136 -0.0315446 -0.70837 0.708771 0.00226077 0.705435 -0.0206512 -0.9995 0.023952 0.0920824 -0.120654 0.00107664 -0.0534 0.0132 
0.00137799 0.705136 -0.0315446 -0.70837 0.708771 0.00226077 0.705435 -0.0206512 -0.9995 0.023952 0.121597 -0.090993 0.000208205 -0.0118 0.0548 
0.00137366 -0.705273 0.0315446 -0.708234 -0.708635 -0.00226076 0.705571 0.0206558 0.9995 0.023948 0.121577 -0.0910135 0.000208804 -0.0548 0.0118 
0.000995449 -0.70513 -0.0316804 0.70837 -0.708772 0.00212423 -0.705435 0.0208437 -0.999496 -0.023952 -0.120429 0.0909763 0.00826225 -0.0132 0.0534 
0.00098567 0.705267 0.0316804 0.708234 0.708636 -0.00212424 -0.705571 -0.0208484 0.999496 -0.023948 -0.120408 0.0909968 0.00826165 -0.0534 0.0132 
