4.49034 -0.00678777 -0.999977 -0.000812498 -0.707157 0.00537461 -0.707036 0.707024 -0.00422463 -0.707177 0.00329749 0.0881487 0.123976 -0.0038 0.0548 
4.49025 -0.00678777 -0.999977 -0.000812498 -0.707157 0.00537461 -0.707036 0.707024 -0.00422463 -0.707177 0.00347225 0.1061 0.106025 -0.0294 0.0294 
4.49016 -0.00678777 -0.999977 -0.000812498 -0.707157 0.00537461 -0.707036 0.707024 -0.00422463 -0.707177 0.00364701 0.12405 0.0880736 -0.0548 0.0042 
4.48964 -0.00698026 0.999975 0.000813825 -0.707019 -0.00551083 0.707173 0.70716 0.00436086 0.70704 0.00340307 -0.0880809 -0.124059 -0.0548 0.0042 
4.48845 -0.00698026 0.999975 0.000813825 -0.707019 -0.00551083 0.707173 0.70716 0.00436086 0.70704 0.0032283 -0.106032 -0.106108 -0.0294 0.0294 
4.48842 0.00678761 0.999977 -0.000813825 0.70702 -0.00537462 -0.707173 -0.707161 0.00422462 -0.70704 0.00364721 0.124071 0.0880532 -0.0042 0.0548 
4.48837 0.00678761 0.999977 -0.000813825 0.70702 -0.00537462 -0.707173 -0.707161 0.00422462 -0.70704 0.00329768 0.0881691 0.123955 -0.0548 0.0038 
4.48836 -0.00698026 0.999975 0.000813825 -0.707019 -0.00551083 0.707173 0.70716 0.00436086 0.70704 0.00305354 -0.123983 -0.088157 -0.0038 0.0548 
4.48725 0.00698041 -0.999975 0.000812498 0.707156 0.00551084 0.707036 -0.707023 -0.00436084 0.707177 0.00340327 -0.0880605 -0.124079 -0.0042 0.0548 
4.48719 0.00678761 0.999977 -0.000813825 0.70702 -0.00537462 -0.707173 -0.707161 0.00422462 -0.70704 0.00347245 0.10612 0.106004 -0.0294 0.0294 
4.48688 0.00698041 -0.999975 0.000812498 0.707156 0.00551084 0.707036 -0.707023 -0.00436084 0.707177 0.00305374 -0.123962 -0.0881774 -0.0548 0.0038 
4.48585 0.00698041 -0.999975 0.000812498 0.707156 0.00551084 0.707036 -0.707023 -0.00436084 0.707177 0.0032285 -0.106011 -0.106128 -0.0294 0.0294 
4.34611 -0.00678777 -0.999977 -0.000812498 -0.707157 0.00537461 -0.707036 0.707024 -0.00422463 -0.707177 0.0290335 0.123912 0.0881826 -0.0544 0.0042 
4.34586 -0.00678777 -0.999977 -0.000812498 -0.707157 0.00537461 -0.707036 0.707024 -0.00422463 -0.707177 0.0288587 0.105961 0.106134 -0.0292 0.0294 
4.3448 0.00698041 -0.999975 0.000812498 0.707156 0.00551084 0.707036 -0.707023 -0.00436084 0.707177 0.0284402 -0.1241 -0.0880684 -0.0548 0.0038 
4.34443 -0.00678777 -0.999977 -0.000812498 -0.707157 0.00537461 -0.707036 0.707024 -0.00422463 -0.707177 0.0286839 0.0880105 0.124085 -0.0038 0.0548 
4.3443 0.00698041 -0.999975 0.000812498 0.707156 0.00551084 0.707036 -0.707023 -0.00436084 0.707177 0.0287897 -0.0881986 -0.12397 -0.0042 0.0544 
4.3442 -0.00438854 0.999976 0.00544314 0.000108532 -0.00544271 0.999985 0.99999 0.00438907 -8.46437e-05 0.0279204 -0.150092 6.97768e-05 -0.0292 0.0288 
4.34417 0.00419589 0.999976 -0.00544314 -0.000107483 -0.00544273 -0.999985 -0.999991 0.00419641 8.46437e-05 0.0295533 0.149904 4.43837e-05 -0.0288 0.0292 
4.34398 -0.00438854 0.999976 0.00544314 0.000108532 -0.00544271 0.999985 0.99999 0.00438907 -8.46437e-05 0.0278114 -0.150092 0.0254566 -0.0038 0.0544 
4.34371 -0.00419694 -0.999976 -0.00544231 -8.51674e-05 0.00544272 -0.999985 0.999991 -0.00419641 -0.000108008 0.0294442 0.149904 0.0254601 -0.0038 0.0544 
4.34371 -0.00698026 0.999975 0.000813825 -0.707019 -0.00551083 0.707173 0.70716 0.00436086 0.70704 0.0287895 -0.0882191 -0.12395 -0.0544 0.0042 
4.34338 0.00419589 0.999976 -0.00544314 -0.000107483 -0.00544273 -0.999985 -0.999991 0.00419641 8.46437e-05 0.0296623 0.149903 -0.0253424 -0.0038 0.0544 
4.34315 0.00438959 -0.999976 0.00544231 8.41188e-05 0.00544273 0.999985 -0.99999 -0.00438907 0.000108008 0.0279205 -0.150092 4.0879e-05 -0.0288 0.0292 
4.3431 -0.00419694 -0.999976 -0.00544231 -8.51674e-05 0.00544272 -0.999985 0.999991 -0.00419641 -0.000108008 0.0295532 0.149904 7.32815e-05 -0.0292 0.0288 
4.34294 0.00438959 -0.999976 0.00544231 8.41188e-05 0.00544273 0.999985 -0.99999 -0.00438907 0.000108008 0.0278115 -0.150092 0.0254277 -0.0544 0.0038 
4.34277 0.00678761 0.999977 -0.000813825 0.70702 -0.00537462 -0.707173 -0.707161 0.00422462 -0.70704 0.0290337 0.123933 0.0881622 -0.0042 0.0544 
4.34272 0.00419589 0.999976 -0.00544314 -0.000107483 -0.00544273 -0.999985 -0.999991 0.00419641 8.46437e-05 0.0294443 0.149904 0.0254312 -0.0544 0.0038 
4.34268 0.00438959 -0.999976 0.00544231 8.41188e-05 0.00544273 0.999985 -0.99999 -0.00438907 0.000108008 0.0280295 -0.150092 -0.025346 -0.0034 0.0544 
4.34265 -0.00698026 0.999975 0.000813825 -0.707019 -0.00551083 0.707173 0.70716 0.00436086 0.70704 0.02844 -0.124121 -0.088048 -0.0038 0.0548 
4.34251 0.00678761 0.999977 -0.000813825 0.70702 -0.00537462 -0.707173 -0.707161 0.00422462 -0.70704 0.0288589 0.105982 0.106113 -0.0294 0.0292 
4.3424 -0.00698026 0.999975 0.000813825 -0.707019 -0.00551083 0.707173 0.70716 0.00436086 0.70704 0.0286148 -0.10617 -0.105999 -0.0292 0.0294 
4.34226 0.00678761 0.999977 -0.000813825 0.70702 -0.00537462 -0.707173 -0.707161 0.00422462 -0.70704 0.0286841 0.0880309 0.124064 -0.0548 0.0038 
4.34179 0.00698041 -0.999975 0.000812498 0.707156 0.00551084 0.707036 -0.707023 -0.00436084 0.707177 0.028615 -0.10615 -0.106019 -0.0294 0.0292 
4.32857 -0.00438854 0.999976 0.00544314 0.000108532 -0.00544271 0.999985 0.99999 0.00438907 -8.46437e-05 0.0280293 -0.150092 -0.0253171 -0.0544 0.0034 
4.32674 -0.00419694 -0.999976 -0.00544231 -8.51674e-05 0.00544272 -0.999985 0.999991 -0.00419641 -0.000108008 0.0296622 0.149903 -0.0253135 -0.0544 0.0034 
4.24636 0.00419589 0.999976 -0.00544314 -0.000107483 -0.00544273 -0.999985 -0.999991 0.00419641 8.46437e-05 0.00405787 0.150042 0.0253222 -0.0544 0.0038 
4.24631 0.00419589 0.999976 -0.00544314 -0.000107483 -0.00544273 -0.999985 -0.999991 0.00419641 8.46437e-05 0.00416685 0.150042 -6.45964e-05 -0.0292 0.0294 
4.2453 -0.00419694 -0.999976 -0.00544231 -8.51674e-05 0.00544272 -0.999985 0.999991 -0.00419641 -0.000108008 0.0042757 0.150042 -0.0254225 -0.0548 0.0038 
4.24529 0.00419589 0.999976 -0.00544314 -0.000107483 -0.00544273 -0.999985 -0.999991 0.00419641 8.46437e-05 0.00427583 0.150042 -0.0254514 -0.0038 0.0548 
4.2452 0.00438959 -0.999976 0.00544231 8.41188e-05 0.00544273 0.999985 -0.99999 -0.00438907 0.000108008 0.00264301 -0.149954 -0.0254549 -0.0038 0.0548 
4.24518 -0.00438854 0.999976 0.00544314 0.000108532 -0.00544271 0.999985 0.99999 0.00438907 -8.46437e-05 0.00264288 -0.149954 -0.025426 -0.0548 0.0038 
4.24443 -0.00419694 -0.999976 -0.00544231 -8.51674e-05 0.00544272 -0.999985 0.999991 -0.00419641 -0.000108008 0.00405774 0.150042 0.0253511 -0.0038 0.0544 
4.24417 0.00438959 -0.999976 0.00544231 8.41188e-05 0.00544273 0.999985 -0.99999 -0.00438907 0.000108008 0.00253403 -0.149954 -6.8101e-05 -0.0292 0.0294 
4.24413 0.00438959 -0.999976 0.00544231 8.41188e-05 0.00544273 0.999985 -0.99999 -0.00438907 0.000108008 0.00242505 -0.149953 0.0253187 -0.0544 0.0038 
4.24342 -0.00438854 0.999976 0.00544314 0.000108532 -0.00544271 0.999985 0.99999 0.00438907 -8.46437e-05 0.0025339 -0.149954 -3.92033e-05 -0.0294 0.0292 
4.24337 -0.00438854 0.999976 0.00544314 0.000108532 -0.00544271 0.999985 0.99999 0.00438907 -8.46437e-05 0.00242492 -0.149953 0.0253476 -0.0038 0.0544 
4.24266 -0.00419694 -0.999976 -0.00544231 -8.51674e-05 0.00544272 -0.999985 0.999991 -0.00419641 -0.000108008 0.00416672 0.150042 -3.56986e-05 -0.0294 0.0292 
2.44154 0.00553863 -0.999975 -0.00429326 0.999985 0.00553905 -8.46431e-05 0.000108422 -0.00429273 0.999991 0.029519 0.0253053 -0.149941 -0.0028 0.0534 
2.44108 0.00553863 -0.999975 -0.00429326 0.999985 0.00553905 -8.46431e-05 0.000108422 -0.00429273 0.999991 0.0292426 -0.0254681 -0.149942 -0.0534 0.0024 
2.4407 0.00553863 -0.999975 -0.00429326 0.999985 0.00553905 -8.46431e-05 0.000108422 -0.00429273 0.999991 0.0293808 -8.13685e-05 -0.149942 -0.0282 0.0278 
2.44062 -0.00534599 -0.999976 0.00429326 -0.999986 0.0053464 8.46431e-05 -0.000107595 -0.00429275 -0.999991 0.0280928 -0.000106761 0.150056 -0.0278 0.0282 
2.44019 -0.00534599 -0.999976 0.00429326 -0.999986 0.0053464 8.46431e-05 -0.000107595 -0.00429275 -0.999991 0.028231 0.0252799 0.150056 -0.0534 0.0028 
2.43964 -0.00534599 -0.999976 0.00429326 -0.999986 0.0053464 8.46431e-05 -0.000107595 -0.00429275 -0.999991 0.0279547 -0.0254934 0.150055 -0.0024 0.0534 
2.43901 -0.00553946 0.999975 -0.00429222 -0.999985 -0.00553905 0.000108008 8.42302e-05 0.00429275 0.999991 0.0292425 -0.025497 -0.149942 -0.0024 0.0534 
2.43863 -0.00553946 0.999975 -0.00429222 -0.999985 -0.00553905 0.000108008 8.42302e-05 0.00429275 0.999991 0.0293807 -0.000110266 -0.149942 -0.0278 0.0282 
2.43825 -0.00553946 0.999975 -0.00429222 -0.999985 -0.00553905 0.000108008 8.42302e-05 0.00429275 0.999991 0.0295188 0.0252764 -0.149941 -0.0534 0.0028 
2.43793 0.00534681 0.999976 0.00429222 0.999986 -0.0053464 -0.000108008 -8.50572e-05 0.00429273 -0.999991 0.028093 -7.78638e-05 0.150056 -0.0282 0.0278 
2.43772 0.00534681 0.999976 0.00429222 0.999986 -0.0053464 -0.000108008 -8.50572e-05 0.00429273 -0.999991 0.0282312 0.0253088 0.150056 -0.0028 0.0534 
2.43757 0.00534681 0.999976 0.00429222 0.999986 -0.0053464 -0.000108008 -8.50572e-05 0.00429273 -0.999991 0.0279548 -0.0254646 0.150055 -0.0534 0.0024 
2.41337 -0.00534599 -0.999976 0.00429326 -0.999986 0.0053464 8.46431e-05 -0.000107595 -0.00429275 -0.999991 0.00256821 -0.0253553 0.149946 -0.0028 0.0538 
2.4122 0.00534681 0.999976 0.00429222 0.999986 -0.0053464 -0.000108008 -8.50572e-05 0.00429273 -0.999991 0.00256837 -0.0253264 0.149946 -0.0538 0.0028 
2.41059 -0.00534599 -0.999976 0.00429326 -0.999986 0.0053464 8.46431e-05 -0.000107595 -0.00429275 -0.999991 0.00284456 0.0254181 0.149947 -0.0534 0.0028 
2.40833 0.00553863 -0.999975 -0.00429326 0.999985 0.00553905 -8.46431e-05 0.000108422 -0.00429273 0.999991 0.00399436 5.68063e-05 -0.150051 -0.0284 0.0282 
2.40808 0.00534681 0.999976 0.00429222 0.999986 -0.0053464 -0.000108008 -8.50572e-05 0.00429273 -0.999991 0.00270654 6.03109e-05 0.149947 -0.0284 0.0282 
2.40527 0.00553863 -0.999975 -0.00429326 0.999985 0.00553905 -8.46431e-05 0.000108422 -0.00429273 0.999991 0.00385619 -0.0253299 -0.150051 -0.0538 0.0028 
2.40405 -0.00553946 0.999975 -0.00429222 -0.999985 -0.00553905 0.000108008 8.42302e-05 0.00429275 0.999991 0.00413238 0.0254146 -0.15005 -0.0534 0.0028 
2.40366 -0.00553946 0.999975 -0.00429222 -0.999985 -0.00553905 0.000108008 8.42302e-05 0.00429275 0.999991 0.00399421 2.79086e-05 -0.150051 -0.0282 0.0284 
2.40195 -0.00534599 -0.999976 0.00429326 -0.999986 0.0053464 8.46431e-05 -0.000107595 -0.00429275 -0.999991 0.00270639 3.14133e-05 0.149947 -0.0282 0.0284 
2.40073 0.00534681 0.999976 0.00429222 0.999986 -0.0053464 -0.000108008 -8.50572e-05 0.00429273 -0.999991 0.00284472 0.025447 0.149947 -0.0028 0.0534 
2.39644 0.00553863 -0.999975 -0.00429326 0.999985 0.00553905 -8.46431e-05 0.000108422 -0.00429273 0.999991 0.00413254 0.0254435 -0.15005 -0.0028 0.0534 
2.3948 -0.00553946 0.999975 -0.00429222 -0.999985 -0.00553905 0.000108008 8.42302e-05 0.00429275 0.999991 0.00385603 -0.0253588 -0.150051 -0.0028 0.0538 
1.83108 -0.000910149 0.999976 -0.00688393 -0.707172 -0.00551084 -0.70702 -0.707041 0.00422463 0.70716 0.00438297 0.106097 -0.106126 -0.0274 0.0278 
1.83105 -0.000910149 0.999976 -0.00688393 -0.707172 -0.00551084 -0.70702 -0.707041 0.00422463 0.70716 0.00436232 0.0881458 -0.124077 -0.0022 0.0532 
1.83104 -0.000910149 0.999976 -0.00688393 -0.707172 -0.00551084 -0.70702 -0.707041 0.00422463 0.70716 0.00440361 0.124048 -0.0881745 -0.0528 0.0024 
1.82823 0.0007175 0.999976 0.00688393 0.707173 -0.0053746 0.70702 0.70704 0.00436085 -0.70716 0.00229714 -0.12396 0.0880707 -0.0532 0.0022 
1.82817 0.0007175 0.999976 0.00688393 0.707173 -0.0053746 0.70702 0.70704 0.00436085 -0.70716 0.00233843 -0.0880576 0.123974 -0.0024 0.0528 
1.82817 0.0007175 0.999976 0.00688393 0.707173 -0.0053746 0.70702 0.70704 0.00436085 -0.70716 0.00231779 -0.106009 0.106022 -0.0278 0.0274 
1.82804 0.000908823 -0.999976 -0.00688409 0.707036 0.00551083 -0.707156 0.707177 -0.00422462 0.707024 0.00440363 0.124069 -0.0881541 -0.0024 0.0528 
1.82801 0.000908823 -0.999976 -0.00688409 0.707036 0.00551083 -0.707156 0.707177 -0.00422462 0.707024 0.00438299 0.106118 -0.106105 -0.0278 0.0274 
1.82798 0.000908823 -0.999976 -0.00688409 0.707036 0.00551083 -0.707156 0.707177 -0.00422462 0.707024 0.00436235 0.0881662 -0.124057 -0.0532 0.0022 
1.82413 -0.000716174 -0.999976 0.00688409 -0.707037 0.00537462 0.707156 -0.707176 -0.00436086 -0.707024 0.00231776 -0.106029 0.106002 -0.0274 0.0278 
1.8241 -0.000716174 -0.999976 0.00688409 -0.707037 0.00537462 0.707156 -0.707176 -0.00436086 -0.707024 0.00233841 -0.088078 0.123953 -0.0528 0.0024 
1.8239 -0.000716174 -0.999976 0.00688409 -0.707037 0.00537462 0.707156 -0.707176 -0.00436086 -0.707024 0.00229712 -0.123981 0.0880503 -0.0022 0.0532 
1.81915 -0.000910149 0.999976 -0.00688393 -0.707172 -0.00551084 -0.70702 -0.707041 0.00422463 0.70716 0.0297488 0.0880076 -0.123968 -0.0022 0.0528 
1.81815 -0.000910149 0.999976 -0.00688393 -0.707172 -0.00551084 -0.70702 -0.707041 0.00422463 0.70716 0.0297901 0.12391 -0.0880655 -0.0528 0.0024 
1.81759 -0.000910149 0.999976 -0.00688393 -0.707172 -0.00551084 -0.70702 -0.707041 0.00422463 0.70716 0.0297694 0.105959 -0.106017 -0.0274 0.0274 
1.8163 0.000908823 -0.999976 -0.00688409 0.707036 0.00551083 -0.707156 0.707177 -0.00422462 0.707024 0.0297488 0.088028 -0.123948 -0.0528 0.0022 
1.81489 0.000908823 -0.999976 -0.00688409 0.707036 0.00551083 -0.707156 0.707177 -0.00422462 0.707024 0.0297901 0.123931 -0.0880451 -0.0024 0.0528 
1.81431 0.000908823 -0.999976 -0.00688409 0.707036 0.00551083 -0.707156 0.707177 -0.00422462 0.707024 0.0297694 0.105979 -0.105997 -0.0274 0.0274 
1.81415 0.0007175 0.999976 0.00688393 0.707173 -0.0053746 0.70702 0.70704 0.00436085 -0.70716 0.0276836 -0.124098 0.0881797 -0.0528 0.0022 
1.81113 0.0007175 0.999976 0.00688393 0.707173 -0.0053746 0.70702 0.70704 0.00436085 -0.70716 0.0277042 -0.106147 0.106131 -0.0274 0.0274 
1.81104 -0.000716174 -0.999976 0.00688409 -0.707037 0.00537462 0.707156 -0.707176 -0.00436086 -0.707024 0.0276836 -0.124119 0.0881593 -0.0022 0.0528 
1.80994 0.0007175 0.999976 0.00688393 0.707173 -0.0053746 0.70702 0.70704 0.00436085 -0.70716 0.0277249 -0.0881957 0.124083 -0.0024 0.0528 
1.80779 -0.000716174 -0.999976 0.00688409 -0.707037 0.00537462 0.707156 -0.707176 -0.00436086 -0.707024 0.0277042 -0.106167 0.106111 -0.0274 0.0274 
1.80644 -0.000716174 -0.999976 0.00688409 -0.707037 0.00537462 0.707156 -0.707176 -0.00436086 -0.707024 0.0277249 -0.0882162 0.124062 -0.0528 0.0024 
1.77577 0.00698041 -0.999975 0.000812498 0.707156 0.00551084 0.707036 -0.707023 -0.00436084 0.707177 -0.0219832 -0.0879223 -0.124188 -0.0038 0.0544 
1.75156 -0.00678777 -0.999977 -0.000812498 -0.707157 0.00537461 -0.707036 0.707024 -0.00422463 -0.707177 -0.0219142 0.106238 0.105916 -0.0292 0.0294 
1.75112 0.00678761 0.999977 -0.000813825 0.70702 -0.00537462 -0.707173 -0.707161 0.00422462 -0.70704 -0.021914 0.106258 0.105895 -0.0294 0.0292 
1.75104 0.00678761 0.999977 -0.000813825 0.70702 -0.00537462 -0.707173 -0.707161 0.00422462 -0.70704 -0.0220888 0.0883073 0.123846 -0.0548 0.0038 
1.7509 -0.00678777 -0.999977 -0.000812498 -0.707157 0.00537461 -0.707036 0.707024 -0.00422463 -0.707177 -0.0217394 0.124189 0.0879646 -0.0544 0.0038 
1.75046 0.00678761 0.999977 -0.000813825 0.70702 -0.00537462 -0.707173 -0.707161 0.00422462 -0.70704 -0.0217392 0.124209 0.0879442 -0.0038 0.0544 
1.75002 -0.00678777 -0.999977 -0.000812498 -0.707157 0.00537461 -0.707036 0.707024 -0.00422463 -0.707177 -0.022089 0.0882869 0.123867 -0.0038 0.0548 
1.74794 -0.00698026 0.999975 0.000813825 -0.707019 -0.00551083 0.707173 0.70716 0.00436086 0.70704 -0.0223329 -0.123845 -0.088266 -0.0038 0.0548 
1.74778 -0.00698026 0.999975 0.000813825 -0.707019 -0.00551083 0.707173 0.70716 0.00436086 0.70704 -0.0221582 -0.105894 -0.106217 -0.0292 0.0294 
1.74694 0.00698041 -0.999975 0.000812498 0.707156 0.00551084 0.707036 -0.707023 -0.00436084 0.707177 -0.0223327 -0.123824 -0.0882864 -0.0548 0.0038 
1.74691 -0.00698026 0.999975 0.000813825 -0.707019 -0.00551083 0.707173 0.70716 0.00436086 0.70704 -0.0219834 -0.0879427 -0.124168 -0.0544 0.0038 
1.74681 0.00698041 -0.999975 0.000812498 0.707156 0.00551084 0.707036 -0.707023 -0.00436084 0.707177 -0.022158 -0.105873 -0.106237 -0.0294 0.0292 
1.35878 -0.00553946 0.999975 -0.00429222 -0.999985 -0.00553905 0.000108008 8.42302e-05 0.00429275 0.999991 -0.0213922 0.000166083 -0.150159 -0.0278 0.0282 
1.35801 0.00553863 -0.999975 -0.00429326 0.999985 0.00553905 -8.46431e-05 0.000108422 -0.00429273 0.999991 -0.0212539 0.0255817 -0.150159 -0.0028 0.0534 
1.35783 0.00553863 -0.999975 -0.00429326 0.999985 0.00553905 -8.46431e-05 0.000108422 -0.00429273 0.999991 -0.0215303 -0.0251917 -0.15016 -0.0534 0.0024 
1.35749 0.00553863 -0.999975 -0.00429326 0.999985 0.00553905 -8.46431e-05 0.000108422 -0.00429273 0.999991 -0.0213921 0.000194981 -0.150159 -0.0282 0.0278 
1.35622 -0.00534599 -0.999976 0.00429326 -0.999986 0.0053464 8.46431e-05 -0.000107595 -0.00429275 -0.999991 -0.0226801 0.000169588 0.149838 -0.0278 0.0282 
1.35618 -0.00553946 0.999975 -0.00429222 -0.999985 -0.00553905 0.000108008 8.42302e-05 0.00429275 0.999991 -0.0212541 0.0255528 -0.150159 -0.0534 0.0028 
1.35617 0.00534681 0.999976 0.00429222 0.999986 -0.0053464 -0.000108008 -8.50572e-05 0.00429273 -0.999991 -0.0225417 0.0255852 0.149838 -0.0028 0.0534 
1.35586 -0.00534599 -0.999976 0.00429326 -0.999986 0.0053464 8.46431e-05 -0.000107595 -0.00429275 -0.999991 -0.0228182 -0.0252171 0.149837 -0.0024 0.0534 
1.35573 -0.00534599 -0.999976 0.00429326 -0.999986 0.0053464 8.46431e-05 -0.000107595 -0.00429275 -0.999991 -0.0225419 0.0255563 0.149838 -0.0534 0.0028 
1.35517 -0.00553946 0.999975 -0.00429222 -0.999985 -0.00553905 0.000108008 8.42302e-05 0.00429275 0.999991 -0.0215304 -0.0252206 -0.15016 -0.0024 0.0534 
1.35488 0.00534681 0.999976 0.00429222 0.999986 -0.0053464 -0.000108008 -8.50572e-05 0.00429273 -0.999991 -0.0228181 -0.0251882 0.149837 -0.0534 0.0024 
1.35441 0.00534681 0.999976 0.00429222 0.999986 -0.0053464 -0.000108008 -8.50572e-05 0.00429273 -0.999991 -0.0226799 0.000198486 0.149838 -0.0282 0.0278 
1.23358 0.00419589 0.999976 -0.00544314 -0.000107483 -0.00544273 -0.999985 -0.999991 0.00419641 8.46437e-05 -0.0212196 0.15018 -0.000173576 -0.0288 0.0292 
1.23309 0.00419589 0.999976 -0.00544314 -0.000107483 -0.00544273 -0.999985 -0.999991 0.00419641 8.46437e-05 -0.0213286 0.15018 0.0252133 -0.0544 0.0038 
1.23307 -0.00419694 -0.999976 -0.00544231 -8.51674e-05 0.00544272 -0.999985 0.999991 -0.00419641 -0.000108008 -0.0212197 0.15018 -0.000144679 -0.0292 0.0288 
1.23296 0.00419589 0.999976 -0.00544314 -0.000107483 -0.00544273 -0.999985 -0.999991 0.00419641 8.46437e-05 -0.0211106 0.15018 -0.0255604 -0.0034 0.0544 
1.23261 -0.00419694 -0.999976 -0.00544231 -8.51674e-05 0.00544272 -0.999985 0.999991 -0.00419641 -0.000108008 -0.0213287 0.15018 0.0252422 -0.0038 0.0544 
1.23247 -0.00419694 -0.999976 -0.00544231 -8.51674e-05 0.00544272 -0.999985 0.999991 -0.00419641 -0.000108008 -0.0211108 0.15018 -0.0255315 -0.0544 0.0034 
1.20444 -0.00438854 0.999976 0.00544314 0.000108532 -0.00544271 0.999985 0.99999 0.00438907 -8.46437e-05 -0.0229615 -0.149815 0.0252386 -0.0038 0.0544 
1.20397 0.00438959 -0.999976 0.00544231 8.41188e-05 0.00544273 0.999985 -0.99999 -0.00438907 0.000108008 -0.0229614 -0.149815 0.0252097 -0.0544 0.0038 
1.20356 -0.00438854 0.999976 0.00544314 0.000108532 -0.00544271 0.999985 0.99999 0.00438907 -8.46437e-05 -0.0228525 -0.149815 -0.000148183 -0.0292 0.0288 
1.20309 0.00438959 -0.999976 0.00544231 8.41188e-05 0.00544273 0.999985 -0.99999 -0.00438907 0.000108008 -0.0228524 -0.149815 -0.000177081 -0.0288 0.0292 
1.2016 -0.00438854 0.999976 0.00544314 0.000108532 -0.00544271 0.999985 0.99999 0.00438907 -8.46437e-05 -0.0227436 -0.149816 -0.025535 -0.0544 0.0034 
1.20114 0.00438959 -0.999976 0.00544231 8.41188e-05 0.00544273 0.999985 -0.99999 -0.00438907 0.000108008 -0.0227434 -0.149816 -0.0255639 -0.0034 0.0544 
